1000
-27 -598 -200
842 550 757
808 -252 143
-396 917 -562
81 -594 -230
-568 -164 987
597 -294 696
-595 -996 -249
-622 -235 838
-330 -886 -596
-702 87 -194
-344 -515 913
-588 851 -340
555 -989 -424
993 92 -461
-238 524 375
-695 -323 638
559 -360 643
867 18 965
705 245 -922
666 544 -277
-529 -801 -235
-617 -832 -385
43 724 -374
177 273 718
716 593 -201
-352 898 33
843 13 673
42 -563 -753
6 699 493
85 364 -407
808 835 -651
-428 775 -483
-255 -626 -760
371 551 71
-354 -176 -337
2 29 -883
-966 -129 131
265 914 568
512 -81 -177
4 -997 -814
154 368 578
503 498 352
-980 -758 726
818 170 -166
-112 816 658
551 -183 -757
669 -591 114
-644 674 -416
481 185 504
-697 747 64
-511 -100 990
-934 961 487
418 981 286
-300 355 -545
534 -757 829
-252 351 -798
-9 -424 -389
663 -68 842
-754 -588 -416
307 -728 -670
929 -239 -213
918 -616 -253
-39 359 -716
804 -941 640
-742 150 440
644 899 -653
847 -554 -76
-543 -892 856
857 913 826
-560 -224 -903
-673 -296 -584
114 -822 -643
419 139 717
703 -501 776
-101 -242 -518
-662 -599 -620
-314 805 -173
610 820 -508
22 676 -596
-596 -885 181
-941 -558 442
-525 113 621
-168 -469 -684
-895 792 -184
881 -310 131
921 29 89
-700 272 -106
-316 -562 -287
177 460 -612
138 865 -940
876 481 -941
318 956 172
-505 -656 261
-632 -550 52
184 888 742
872 808 -673
-39 666 599
412 -651 -964
-876 83 54
-931 -779 -525
-871 654 956
-812 -472 911
-83 23 812
-823 392 -739
-214 -868 707
-472 562 71
-145 -478 -264
-989 934 86
605 615 -832
-342 684 947
133 370 601
88 115 -872
-445 -969 -291
925 767 658
743 -448 347
449 -363 -92
-480 50 -13
256 61 -523
899 -335 649
-933 -119 -111
571 -987 -742
-272 -341 373
-586 -229 -38
123 -305 -715
-663 996 -163
241 444 32
-851 521 -919
-307 -666 -301
171 -768 364
-181 857 802
709 -15 816
524 713 -969
-546 -874 -641
-27 -194 55
258 143 50
652 -616 -950
-317 -910 129
-679 -217 463
20 511 252
942 888 -334
743 153 651
115 -324 363
-297 130 490
63 660 -705
-883 -83 -4
-276 -431 380
-669 -191 27
460 131 810
-521 708 -122
732 649 -235
-603 392 918
-953 -937 -407
-33 -233 281
-987 830 -60
-691 504 415
-138 785 541
799 -885 -651
-175 133 37
-809 612 -255
69 343 951
834 297 342
751 -99 -37
902 869 730
-261 882 559
679 748 62
-350 -391 -597
-810 965 -482
-903 -211 651
134 -19 263
436 607 -838
387 441 17
-715 -252 918
248 -794 343
-23 -55 225
-908 -819 -471
-289 -169 -304
114 22 -340
190 -324 450
-160 810 988
660 -197 594
380 -811 -409
-604 -969 -103
871 280 103
214 814 -952
-562 464 787
-476 -826 -383
220 -154 196
438 -965 872
-113 -568 239
-569 650 599
582 29 345
-827 -18 376
-373 -148 -788
730 -935 -974
335 -940 490
121 -415 221
296 362 -934
-509 -201 659
921 243 -909
-284 674 741
872 -187 -674
216 -457 308
-409 170 717
-639 -101 783
945 -766 400
-9 -88 985
-789 -793 -96
836 -744 703
494 734 -54
142 -994 -824
-118 878 -11
-235 93 532
630 241 -742
347 602 158
-314 546 -51
-915 -464 418
-930 -695 626
-26 -860 439
-767 191 172
179 -667 178
-87 -228 -388
902 538 705
-9 -276 -498
249 -930 -896
964 -244 207
-531 -158 301
445 -531 606
70 0 303
-935 233 -507
-206 970 -174
529 -118 156
-860 -660 -750
402 331 -26
904 -863 45
-993 658 358
-228 685 757
-928 129 -775
678 756 225
-20 821 -985
30 -386 985
857 -858 -577
-431 -718 -237
-181 684 652
793 144 789
-606 152 3
753 481 -313
509 553 816
292 -213 571
-927 767 391
-912 -204 562
630 -791 261
-948 -665 543
-627 154 -217
-976 -496 928
370 -102 -364
-628 -793 -884
-383 274 226
-568 -435 -988
-997 -805 336
-49 842 -869
-930 471 899
331 81 -767
-569 11 -55
-229 35 449
-302 962 904
-109 891 -889
-436 -493 -58
790 -60 64
359 -500 259
-306 8 100
-617 78 -872
-719 967 209
-929 -603 -781
16 168 -189
-536 424 -671
-632 -686 -781
-964 -564 -273
-22 783 224
-959 142 724
-143 836 -712
958 -782 -76
-915 -944 -110
-149 -872 -156
-373 144 -989
-5 609 -8
324 534 -136
543 570 300
827 -896 82
50 703 781
-670 -441 617
-824 -484 392
100 -842 6
547 9 134
-610 636 835
959 -370 0
-492 511 -467
372 54 660
-329 -563 764
310 488 23
91 375 583
-736 551 656
213 -793 815
-782 754 -620
-91 701 574
-256 217 -797
744 725 715
835 -347 -675
494 -119 -238
-185 -810 807
395 -162 182
-23 -341 -711
-810 430 -503
-996 205 808
942 -886 509
515 -585 -718
719 716 564
-10 107 -784
-128 -842 97
191 -27 287
-2 925 683
737 -98 899
-975 92 328
-921 -347 -467
888 -406 -796
-47 -891 -824
-208 385 892
-645 932 -1
-429 -197 157
668 994 687
-489 -452 611
751 -716 -931
650 868 -282
-23 504 371
67 -52 523
271 458 189
447 -751 -870
-104 -839 -939
452 -268 -579
-835 957 972
409 -532 -480
-424 -782 -639
-354 425 786
-79 960 290
850 26 795
372 855 253
-883 -142 59
-753 311 221
-692 -238 953
-714 -516 910
-743 893 935
-223 -974 710
-304 -328 135
-519 150 -349
328 -1 234
123 928 -355
933 -956 504
-9 849 -629
-789 714 -309
722 1000 175
188 -743 -375
-321 -409 -349
-612 287 -120
80 326 -971
731 -347 -414
-35 333 -487
167 265 -885
-330 -744 964
-401 -976 235
290 303 234
-979 -510 48
-797 169 640
-146 115 -74
291 -806 809
-122 483 -538
464 -996 795
534 171 -383
206 399 -570
-273 998 -546
962 -156 315
195 -135 805
-757 -374 -469
440 480 646
-635 -672 397
732 206 -121
-807 -774 -560
545 317 612
-839 -477 -433
-409 250 -879
-397 211 -35
918 963 387
279 -795 -988
810 645 50
12 568 378
-591 299 -860
-155 49 -634
-157 -850 683
-989 -688 763
-422 -540 12
-301 -380 780
221 -463 743
-836 817 505
735 183 -293
-216 753 832
719 719 -313
416 -437 293
782 406 443
21 -26 312
-659 552 773
-90 808 -608
-310 -415 -513
990 -250 861
51 -516 -400
758 -175 -648
146 -900 -930
833 516 -809
125 -146 154
-875 432 -872
437 773 680
-234 -317 45
-284 -70 630
203 -81 937
-380 970 -580
220 285 -198
130 -570 -98
200 821 975
391 -498 -172
-455 -373 -740
-770 -936 590
910 -613 -728
-489 103 202
-859 863 678
-923 -518 648
-945 260 -68
-586 -611 362
-126 589 182
-152 -463 242
234 -361 869
51 -131 490
-360 -665 878
-87 -596 -463
672 -455 -600
350 -821 -118
-3 792 -859
486 764 -913
-596 -363 677
144 42 771
-615 -725 967
-747 326 -165
301 524 -273
178 -564 131
272 665 233
672 14 -30
-889 568 -682
810 -390 -919
898 15 -725
131 716 -125
-99 -900 150
-576 911 -967
259 211 557
543 946 550
-769 218 214
464 -554 786
-567 -443 -90
-691 -633 78
-610 822 650
-777 -48 365
98 410 22
805 834 -68
838 -351 701
-49 749 203
-943 980 978
-171 444 -576
-829 434 -462
81 300 -95
-842 691 -717
365 471 -208
-271 -432 -799
751 -628 592
-760 768 798
941 -282 547
-300 -667 526
-322 162 -474
102 333 518
197 971 -183
660 687 -936
943 51 535
-265 781 -898
-507 88 -968
643 328 800
440 -175 -926
-14 526 -593
-931 761 569
-848 -581 -99
227 616 -128
-956 275 -442
666 218 166
201 510 -54
-140 -998 -966
-108 645 -81
-752 85 302
-677 628 -173
-270 254 -856
-701 407 -437
-243 -810 -822
186 -766 454
744 458 -772
-90 -785 738
413 -368 297
4 525 -58
481 330 584
-218 653 -232
166 -617 -978
310 -761 -14
873 -4 -267
608 -818 -475
-382 483 983
-154 950 -803
-860 -80 -171
438 924 911
937 -39 241
520 743 -550
845 -92 -167
424 775 72
967 647 626
-300 255 365
225 873 -153
207 -724 -203
-39 -584 274
347 411 -246
258 347 716
-945 -577 458
-495 -732 924
-104 249 698
525 216 -98
-293 916 714
-929 -303 143
-81 904 419
273 -579 393
-454 768 -197
300 -418 708
-428 -806 -870
-970 -743 956
511 153 205
208 -766 978
667 -58 893
380 -430 -411
-477 489 -951
942 -682 -530
-109 -579 795
252 279 -623
-41 851 -872
-354 438 -615
-841 -52 95
364 714 330
341 380 829
-210 -240 -602
-64 283 445
-458 -219 320
-431 673 742
-637 -519 20
-703 440 -573
-574 643 866
-189 802 -187
907 -278 -474
-207 -938 907
-822 -591 -334
-424 -98 506
578 444 -714
-102 -988 516
-361 -624 554
216 -770 -450
643 -344 -807
508 25 995
879 -69 -726
-596 281 894
868 459 -697
-910 592 205
596 170 -351
440 625 -782
-488 821 -406
-934 -407 -175
-384 -765 38
-191 301 -938
-639 -264 -450
-365 140 831
-472 -435 -154
-612 -345 996
151 -749 -278
357 691 -654
575 760 724
727 826 -684
-892 -558 -892
146 -192 -34
209 -274 702
316 361 -158
-296 447 -36
550 392 619
545 -458 870
-734 456 117
-831 31 -123
893 -243 -741
-792 -135 -299
-683 568 67
283 -667 793
-15 650 -289
384 -647 715
-653 460 106
523 5 206
393 -172 -339
-934 -2 249
-500 -110 -995
-683 -344 -573
-425 -27 553
642 813 886
435 -646 92
-855 738 2
860 642 -538
-478 165 24
728 -886 409
947 738 -594
195 796 -146
-242 -888 510
-258 -313 -961
-706 887 852
738 321 -794
-614 23 501
389 -561 -300
408 -482 865
989 804 536
397 750 -170
361 -499 -375
772 259 -706
281 -999 -18
-123 -705 -132
-272 590 746
-509 977 -232
993 365 -236
-308 -671 282
-887 -683 85
649 271 -609
-522 -369 -107
-339 -598 -849
-45 240 710
937 -884 -995
-639 -598 595
664 -107 128
989 -115 -508
-248 577 -179
592 247 -305
-324 -105 967
-375 -69 -846
518 592 -886
226 -897 -89
-64 598 -415
-59 959 -13
-908 623 880
221 168 -678
270 921 456
649 512 -297
901 745 155
867 927 -915
579 444 234
250 -330 338
-840 606 -508
-255 -897 -993
732 753 187
169 -470 -645
491 358 -725
-54 6 344
649 -94 -355
-196 -670 -428
-554 466 573
238 -285 800
-868 -125 405
-376 178 65
-369 -91 -625
819 -923 -95
-827 568 820
-995 -929 -175
-94 720 289
108 -920 176
680 -473 -359
-190 765 356
-391 897 788
572 -923 -35
-364 -292 432
-432 -917 509
31 814 -366
-150 376 -738
233 -719 982
-479 -53 620
697 -817 -854
895 -7 468
-193 603 -79
-406 174 -445
117 367 263
-452 493 -96
614 -477 -726
805 373 651
-934 -395 489
606 -317 -565
225 937 -381
371 831 612
-605 -806 -229
-127 -211 502
428 463 -131
-753 -990 -639
151 624 -559
-17 429 814
-367 52 977
679 -343 -784
-886 882 -847
-710 -191 541
902 204 736
-770 634 -919
732 61 544
-843 309 554
-925 -984 -266
-484 -1 720
888 189 -228
421 -132 429
637 -18 -132
790 272 677
-112 -270 -562
-377 -483 -929
-739 -751 133
805 964 999
-85 -961 572
649 -888 -429
369 1000 760
698 -23 -816
-317 -386 166
551 961 995
228 -152 -718
666 28 -201
294 289 -395
984 93 -431
539 -993 -835
111 214 -723
239 -861 835
-445 837 -189
-260 -481 425
463 -930 386
458 -145 791
297 -923 -181
653 -72 665
-742 -88 -242
-616 -550 -678
-451 118 93
-617 -644 232
-783 -88 -375
29 652 -298
-990 114 -671
-47 -872 184
-256 -18 -182
120 -365 746
-216 -550 -343
99 -609 -335
-21 -503 783
-929 -120 697
-139 98 -392
486 684 817
-813 694 -513
-927 -353 -827
257 391 155
632 -933 347
378 -149 354
592 951 745
814 -71 -759
597 -443 122
293 418 777
458 -96 460
274 -352 -290
761 -278 357
934 536 -696
-354 168 -629
993 -455 223
347 694 -270
-352 508 216
-110 -339 773
569 954 191
-98 -32 652
-639 799 -701
71 559 -422
986 50 -886
-711 253 -161
-782 -198 -59
-2 -852 -366
728 -646 -859
-500 244 -198
-728 -631 -688
463 271 -163
-329 189 -365
-472 817 752
106 802 -642
-223 649 611
616 867 -588
-444 -579 -882
-252 -852 -528
-554 -795 273
-194 -523 642
-325 498 -531
513 -832 658
-853 -304 474
899 360 276
814 -864 -519
424 310 -653
394 423 -232
512 -830 -527
541 -826 -322
-630 -20 -288
-989 655 -791
-963 -276 936
695 -128 -812
168 -673 548
-1000 699 685
-519 122 -449
-615 -928 974
-290 584 702
-260 -319 876
-25 51 -588
688 -381 -934
454 -344 -209
389 -650 220
578 76 104
125 -367 -198
-634 -328 482
-83 57 554
-552 325 -305
-851 -936 376
582 40 -573
994 -716 -397
-941 738 260
-593 127 167
184 -739 -758
846 -57 -124
-353 -133 548
-872 341 -839
240 789 486
935 495 108
310 76 705
294 69 989
898 -314 726
-286 -350 -591
881 835 -773
681 680 171
-887 884 -963
218 570 -65
379 -191 -276
-578 -257 776
87 610 -148
-209 -539 478
-221 916 -837
-939 -371 -629
-972 -934 763
-745 747 -1
426 860 -118
20 -366 -549
956 571 -183
-764 993 117
-989 -364 -273
-580 427 188
899 763 103
619 824 289
990 852 355
752 665 102
-250 90 -482
190 668 153
198 180 -720
-985 416 -728
132 -16 -535
416 405 892
-840 -140 211
-180 -522 -409
-892 -975 -557
464 334 665
-878 642 -246
-803 -169 979
-93 586 158
187 601 -870
16 -710 115
481 263 -481
-71 424 -64
-861 -757 414
-269 910 -4
-269 373 -670
-605 52 972
-294 -194 -198
-315 714 -613
400 -543 546
531 31 393
-355 -489 -345
-279 441 636
657 137 437
-373 868 346
624 -845 -725
954 -450 327
925 -186 690
-717 499 -40
-773 -102 418
330 986 -552
-278 -370 -484
-65 -92 514
-873 -436 -349
564 -251 -925
-91 -628 -769
184 883 -662
-933 364 152
758 204 -793
-283 431 -337
-866 -239 -352
-861 40 -164
-344 532 744
727 660 866
935 223 -386
-990 -868 -457
799 -127 983
694 -59 346
-154 -302 -451
-390 415 537
273 107 855
479 -197 -548
-686 16 984
615 -257 643
480 -323 -577
651 -756 -445
751 600 -15
733 294 926
-365 697 -820
184 -694 596
-722 137 -741
-868 -385 -381
-859 -514 636
-875 -900 936
325 581 -388
748 -212 -586
860 -461 -987
-155 -729 -136
-673 -93 -440
-492 648 -576
-897 483 561
920 173 733
-462 314 -782
731 439 876
666 -679 456
836 -932 802
-751 486 -660
820 -670 -389
-316 -343 75
-199 165 -720
225 -175 763
-658 -699 -65
-926 -160 -751
850 -873 245
726 794 566
-262 629 635
-461 878 120
-121 254 7
48 495 221
680 -704 -614
960 78 -232
723 421 -373
-786 52 24
-537 -541 151
709 -816 -56
-169 -521 -428
-535 -424 -994
142 12 261
706 617 -688
-73 297 -392
-130 256 687
195 -465 -336
822 -250 273
-155 -230 732
997 -965 473
-60 -133 953
513 -111 -472
76 -969 540
894 294 157
-794 -780 -990
-186 -353 -177
-943 843 -84
-722 664 666
552 -491 993
283 -495 -972
-244 445 -105
-735 -486 784
-650 591 372
447 41 -334
-840 247 -114
-830 619 534
-6 233 376
910 512 -404
132 -380 105
124 903 610
-291 -785 -388
604 -963 -317
388 -613 831
-241 835 -128
