0.000000 0.000000 0.000000, -21.000000 -29.000000 -63.000000, 0.000000 0.000000 -2147483648.000000, -2147483648.000000 69.000000 -70.000000, 0.000000 0.000000 0.000000, -92.000000 75.000000 -86.000000, 0.000000 0.000000 0.000000, 11.000000 -37.000000 -25.000000, -605.000000 8.000000 215.000000, -323.000000 -149.000000 -433.000000, 
0.000000 0.000000 0.000000, -29.000000 -2147483648.000000 -87.000000, 0.000000 0.000000 0.000000, -94.000000 69.000000 -70.000000, 0.000000 0.000000 0.000000, -91.000000 75.000000 -86.000000, 0.000000 0.000000 0.000000, 16.000000 -54.000000 -36.000000, 0.000000 0.000000 0.000000, -31.000000 -14.000000 -42.000000, 
0.000000 0.000000 0.000000, 0.000000 0.000000 0.000000, -425.000000 -126.000000 351.000000, -607.000000 9.000000 215.000000, -2147483648.000000 -2147483648.000000 -2147483648.000000, -474.000000 251.000000 -494.000000, 0.000000 0.000000 0.000000, 222.000000 -543.000000 -287.000000, 0.000000 0.000000 0.000000, -203.000000 -246.000000 -347.000000, 
-40.000000 -4.000000 -221.000000, 0.000000 0.000000 0.000000, -492.000000 -83.000000 310.000000, -619.000000 19.000000 204.000000, 0.000000 0.000000 0.000000, -644.000000 503.000000 -529.000000, 0.000000 0.000000 0.000000, 268.000000 -585.000000 -269.000000, 0.000000 0.000000 0.000000, -197.000000 -165.000000 -423.000000, 
-94.000000 -58.000000 -303.000000, 0.000000 0.000000 0.000000, -518.000000 -61.000000 289.000000, -633.000000 29.000000 193.000000, 0.000000 0.000000 0.000000, -648.000000 511.000000 -529.000000, 0.000000 0.000000 0.000000, 268.000000 -584.000000 -269.000000, 0.000000 0.000000 0.000000, -206.000000 -169.000000 -433.000000, 
-120.000000 -84.000000 -335.000000, 0.000000 0.000000 0.000000, -529.000000 -49.000000 276.000000, -644.000000 36.000000 186.000000, 0.000000 0.000000 0.000000, -648.000000 511.000000 -529.000000, 0.000000 0.000000 0.000000, 269.000000 -585.000000 -270.000000, 0.000000 0.000000 0.000000, -218.000000 -181.000000 -446.000000, 
-135.000000 -98.000000 -351.000000, 0.000000 0.000000 0.000000, -535.000000 -42.000000 268.000000, -652.000000 40.000000 181.000000, 0.000000 0.000000 0.000000, -648.000000 511.000000 -529.000000, 0.000000 0.000000 0.000000, 269.000000 -585.000000 -270.000000, 0.000000 0.000000 0.000000, -227.000000 -190.000000 -457.000000, 
-142.000000 -108.000000 -360.000000, 0.000000 0.000000 0.000000, -538.000000 -37.000000 263.000000, -657.000000 42.000000 179.000000, 0.000000 0.000000 0.000000, -648.000000 511.000000 -529.000000, 0.000000 0.000000 0.000000, 269.000000 -585.000000 -270.000000, 0.000000 0.000000 0.000000, -234.000000 -195.000000 -464.000000, 
-148.000000 -114.000000 -363.000000, 0.000000 0.000000 0.000000, -539.000000 -34.000000 260.000000, -661.000000 43.000000 178.000000, 0.000000 0.000000 0.000000, -648.000000 511.000000 -529.000000, 0.000000 0.000000 0.000000, 269.000000 -585.000000 -270.000000, 0.000000 0.000000 0.000000, -238.000000 -198.000000 -471.000000, 
-151.000000 -118.000000 -365.000000, 0.000000 0.000000 0.000000, -539.000000 -32.000000 258.000000, -664.000000 43.000000 179.000000, 0.000000 0.000000 0.000000, -648.000000 511.000000 -529.000000, 0.000000 0.000000 0.000000, 269.000000 -585.000000 -270.000000, 0.000000 0.000000 0.000000, -240.000000 -199.000000 -475.000000, 
-154.000000 -122.000000 -364.000000, 0.000000 0.000000 0.000000, -538.000000 -30.000000 255.000000, -667.000000 42.000000 180.000000, 0.000000 0.000000 0.000000, -648.000000 511.000000 -529.000000, 0.000000 0.000000 0.000000, 269.000000 -585.000000 -270.000000, 0.000000 0.000000 0.000000, -240.000000 -199.000000 -480.000000, 
-157.000000 -125.000000 -363.000000, 0.000000 0.000000 0.000000, -535.000000 -27.000000 251.000000, -671.000000 40.000000 183.000000, 0.000000 0.000000 0.000000, -648.000000 511.000000 -529.000000, 0.000000 0.000000 0.000000, 269.000000 -585.000000 -270.000000, 0.000000 0.000000 0.000000, -240.000000 -197.000000 -484.000000, 
-159.000000 -129.000000 -359.000000, 0.000000 0.000000 0.000000, -530.000000 -22.000000 246.000000, -676.000000 37.000000 187.000000, 0.000000 0.000000 0.000000, -648.000000 511.000000 -529.000000, 0.000000 0.000000 0.000000, 269.000000 -585.000000 -270.000000, 0.000000 0.000000 0.000000, -238.000000 -194.000000 -488.000000, 
-163.000000 -133.000000 -355.000000, 0.000000 0.000000 0.000000, -526.000000 -16.000000 240.000000, -681.000000 31.000000 192.000000, 0.000000 0.000000 0.000000, -648.000000 511.000000 -529.000000, 0.000000 0.000000 0.000000, 269.000000 -585.000000 -270.000000, 0.000000 0.000000 0.000000, -235.000000 -191.000000 -493.000000, 
-168.000000 -138.000000 -350.000000, 0.000000 0.000000 0.000000, -522.000000 -10.000000 234.000000, -686.000000 25.000000 198.000000, 0.000000 0.000000 0.000000, -648.000000 511.000000 -529.000000, 0.000000 0.000000 0.000000, 269.000000 -585.000000 -270.000000, 0.000000 0.000000 0.000000, -230.000000 -186.000000 -498.000000, 
-174.000000 -144.000000 -346.000000, 0.000000 0.000000 0.000000, -520.000000 -3.000000 229.000000, -690.000000 20.000000 202.000000, 0.000000 0.000000 0.000000, -648.000000 511.000000 -529.000000, 0.000000 0.000000 0.000000, 269.000000 -585.000000 -270.000000, 0.000000 0.000000 0.000000, -224.000000 -180.000000 -504.000000, 
-180.000000 -148.000000 -342.000000, 0.000000 0.000000 0.000000, -518.000000 0.000000 225.000000, -691.000000 15.000000 206.000000, 0.000000 0.000000 0.000000, -648.000000 511.000000 -529.000000, 0.000000 0.000000 0.000000, 269.000000 -585.000000 -270.000000, 0.000000 0.000000 0.000000, -218.000000 -175.000000 -507.000000, 
-186.000000 -152.000000 -340.000000, 0.000000 0.000000 0.000000, -517.000000 4.000000 222.000000, -692.000000 11.000000 209.000000, 0.000000 0.000000 0.000000, -648.000000 511.000000 -529.000000, 0.000000 0.000000 0.000000, 269.000000 -585.000000 -270.000000, 0.000000 0.000000 0.000000, -212.000000 -171.000000 -509.000000, 
-190.000000 -155.000000 -338.000000, 0.000000 0.000000 0.000000, -518.000000 6.000000 220.000000, -693.000000 9.000000 211.000000, 0.000000 0.000000 0.000000, -648.000000 511.000000 -529.000000, 0.000000 0.000000 0.000000, 269.000000 -585.000000 -270.000000, 0.000000 0.000000 0.000000, -208.000000 -168.000000 -510.000000, 
-193.000000 -158.000000 -337.000000, 0.000000 0.000000 0.000000, -518.000000 7.000000 219.000000, -693.000000 8.000000 213.000000, 0.000000 0.000000 0.000000, -648.000000 511.000000 -529.000000, 0.000000 0.000000 0.000000, 269.000000 -585.000000 -270.000000, 0.000000 0.000000 0.000000, -205.000000 -166.000000 -510.000000, 
-195.000000 -159.000000 -337.000000, 0.000000 0.000000 0.000000, -518.000000 8.000000 218.000000, -694.000000 8.000000 213.000000, 0.000000 0.000000 0.000000, -648.000000 511.000000 -529.000000, 0.000000 0.000000 0.000000, 269.000000 -585.000000 -270.000000, 0.000000 0.000000 0.000000, -203.000000 -164.000000 -510.000000, 
-197.000000 -161.000000 -337.000000, 0.000000 0.000000 0.000000, -518.000000 8.000000 217.000000, -694.000000 7.000000 214.000000, 0.000000 0.000000 0.000000, -648.000000 511.000000 -529.000000, 0.000000 0.000000 0.000000, 269.000000 -585.000000 -270.000000, 0.000000 0.000000 0.000000, -201.000000 -163.000000 -511.000000, 
-198.000000 -161.000000 -337.000000, 0.000000 0.000000 0.000000, -518.000000 8.000000 217.000000, -694.000000 7.000000 214.000000, 0.000000 0.000000 0.000000, -648.000000 511.000000 -529.000000, 0.000000 0.000000 0.000000, 269.000000 -585.000000 -270.000000, 0.000000 0.000000 0.000000, -200.000000 -162.000000 -511.000000, 
-198.000000 -162.000000 -337.000000, 0.000000 0.000000 0.000000, -518.000000 9.000000 217.000000, -694.000000 7.000000 214.000000, 0.000000 0.000000 0.000000, -648.000000 511.000000 -529.000000, 0.000000 0.000000 0.000000, 269.000000 -585.000000 -270.000000, 0.000000 0.000000 0.000000, -200.000000 -162.000000 -511.000000, 
-199.000000 -162.000000 -337.000000, 0.000000 0.000000 0.000000, -518.000000 9.000000 217.000000, -694.000000 7.000000 214.000000, 0.000000 0.000000 0.000000, -648.000000 511.000000 -529.000000, 0.000000 0.000000 0.000000, 269.000000 -585.000000 -270.000000, 0.000000 0.000000 0.000000, -199.000000 -161.000000 -511.000000, 
-199.000000 -163.000000 -337.000000, 0.000000 0.000000 0.000000, -518.000000 9.000000 217.000000, -694.000000 7.000000 215.000000, 0.000000 0.000000 0.000000, -648.000000 511.000000 -529.000000, 0.000000 0.000000 0.000000, 269.000000 -585.000000 -270.000000, 0.000000 0.000000 0.000000, -199.000000 -161.000000 -511.000000, 
-199.000000 -163.000000 -337.000000, 0.000000 0.000000 0.000000, -518.000000 9.000000 217.000000, -694.000000 7.000000 215.000000, 0.000000 0.000000 0.000000, -648.000000 511.000000 -529.000000, 0.000000 0.000000 0.000000, 269.000000 -585.000000 -270.000000, 0.000000 0.000000 0.000000, -199.000000 -161.000000 -511.000000, 
-199.000000 -163.000000 -337.000000, 0.000000 0.000000 0.000000, -518.000000 9.000000 216.000000, -694.000000 7.000000 215.000000, 0.000000 0.000000 0.000000, -648.000000 511.000000 -529.000000, 0.000000 0.000000 0.000000, 269.000000 -585.000000 -270.000000, 0.000000 0.000000 0.000000, -198.000000 -161.000000 -511.000000, 
-199.000000 -163.000000 -337.000000, 0.000000 0.000000 0.000000, -518.000000 9.000000 216.000000, -694.000000 7.000000 215.000000, 0.000000 0.000000 0.000000, -648.000000 511.000000 -529.000000, 0.000000 0.000000 0.000000, 269.000000 -585.000000 -270.000000, 0.000000 0.000000 0.000000, -198.000000 -160.000000 -511.000000, 
-200.000000 -163.000000 -337.000000, 0.000000 0.000000 0.000000, -518.000000 9.000000 216.000000, -694.000000 7.000000 215.000000, 0.000000 0.000000 0.000000, -648.000000 511.000000 -529.000000, 0.000000 0.000000 0.000000, 269.000000 -585.000000 -270.000000, 0.000000 0.000000 0.000000, -198.000000 -160.000000 -511.000000, 
-200.000000 -163.000000 -337.000000, 0.000000 0.000000 0.000000, -518.000000 9.000000 216.000000, -694.000000 6.000000 215.000000, 0.000000 0.000000 0.000000, -648.000000 511.000000 -529.000000, 0.000000 0.000000 0.000000, 269.000000 -585.000000 -270.000000, 0.000000 0.000000 0.000000, -198.000000 -160.000000 -511.000000, 
-200.000000 -163.000000 -337.000000, 0.000000 0.000000 0.000000, -518.000000 9.000000 216.000000, -694.000000 6.000000 215.000000, 0.000000 0.000000 0.000000, -648.000000 511.000000 -529.000000, 0.000000 0.000000 0.000000, 269.000000 -585.000000 -270.000000, 0.000000 0.000000 0.000000, -198.000000 -160.000000 -511.000000, 
-200.000000 -163.000000 -337.000000, 0.000000 0.000000 0.000000, -518.000000 9.000000 216.000000, -694.000000 6.000000 215.000000, 0.000000 0.000000 0.000000, -648.000000 511.000000 -529.000000, 0.000000 0.000000 0.000000, 269.000000 -585.000000 -270.000000, 0.000000 0.000000 0.000000, -198.000000 -160.000000 -511.000000, 
-200.000000 -163.000000 -337.000000, 0.000000 0.000000 0.000000, -518.000000 9.000000 216.000000, -694.000000 6.000000 215.000000, 0.000000 0.000000 0.000000, -648.000000 511.000000 -529.000000, 0.000000 0.000000 0.000000, 269.000000 -585.000000 -270.000000, 0.000000 0.000000 0.000000, -198.000000 -160.000000 -511.000000, 
0.000000 0.000000 0.000000, 0.000000 0.000000 0.000000, 0.000000 0.000000 0.000000, 0.000000 0.000000 0.000000, 0.000000 0.000000 0.000000, 0.000000 0.000000 0.000000, 0.000000 0.000000 0.000153, 0.000000 0.000000 0.000000, 0.000000 0.000000 0.000000, 0.000000 0.000000 0.000000, 
0.000000 0.000001 0.000000, 0.000000 0.000000 0.000000, 0.000000 0.000000 0.000000, 0.000000 0.000000 0.000000, 0.000000 0.000000 0.000000, 0.000000 0.000000 0.000170, 0.000000 0.000000 0.000000, 0.000000 0.000000 0.000000, 0.000000 0.000000 0.000000, 0.000174 0.000000 0.000000, 
0.000001 0.000000 0.000000, 0.000000 0.000000 0.000000, 0.000000 0.000000 0.000000, 0.000000 0.000000 0.000000, 0.000000 0.000169 0.000000, 0.000000 0.000003 0.000000, 0.000000 0.000000 0.000000, 0.000000 0.000000 0.000000, 0.000000 0.000000 0.000000, 0.000000 0.000000 0.000000, 
0.000000 0.000000 0.000000, 0.000000 0.000000 0.000000, 0.000000 0.000000 0.000000, 0.000042 0.000000 0.000000, 0.000000 0.000000 0.000011, 0.000000 0.000000 0.000174, 0.000000 0.000000 0.000000, 0.000000 0.000000 0.000000, 0.000000 0.000000 0.000000, 0.000000 0.000000 0.000000, 
0.000000 0.000000 0.000003, 0.000000 0.000000 0.000000, 0.000000 0.000000 0.000000, 0.000000 0.000000 0.000000, 0.000000 0.000000 0.000000, 0.000000 0.000000 0.000000, 0.000003 0.000000 0.000000, 0.000043 0.000000 0.000000, 0.000011 0.000000 0.000000, 0.000000 0.000000 0.000000, 
0.000000 0.000000 0.000000, 0.000000 0.000000 0.000000, 0.000000 0.000000 0.000000, 0.000000 0.000001 0.000000, 0.000000 0.000000 0.000177, 0.000000 0.000000 0.000000, 0.000000 0.000000 0.000011, 0.000000 0.000000 0.000000, 0.000000 0.000000 0.000000, 0.000000 0.000000 0.000000, 
0.000000 0.000000 0.000000, 0.000000 0.000000 0.000000, 0.000000 0.000000 0.000003, 0.000000 0.000000 0.000000, 0.000000 0.000000 0.000000, 0.000000 0.000000 0.000000, 0.000000 0.000000 0.000000, 0.000000 0.000000 0.000000, 0.000000 0.000000 0.000001, 0.000000 0.000000 0.000001, 
0.000000 0.000000 0.000000, 0.000000 0.000000 0.000000, 0.000000 0.000000 0.000000, 0.000000 0.000000 0.000000, 0.000001 0.000000 0.000000, 0.000000 0.000000 0.000000, 0.000000 0.000000 0.000000, 0.000000 0.000000 0.000000, 0.000000 0.000000 0.000000, 0.000000 0.000000 0.000000, 
0.000000 0.000000 0.000000, 0.000000 0.000000 0.000169, 0.000000 0.000000 0.000003, 0.000000 0.000000 0.000000, 0.000000 0.000000 0.000000, 0.000000 0.000000 0.000000, 0.000000 0.000000 0.000000, 0.000001 0.000000 0.000000, 0.000000 0.000000 0.000000, 0.000000 0.000000 0.000000, 
0.000000 0.000000 0.000010, 0.000000 0.000000 0.000000, 0.000000 0.000000 0.000000, 0.000000 0.000000 0.000000, 0.000000 0.000000 0.000000, 0.000043 0.000000 0.000000, 0.000000 0.000000 0.000000, 0.000000 0.000000 0.000000, 0.000000 0.000000 0.000000, 0.000000 0.000000 0.000000, 
0.000000 0.000000 0.000000, 0.000000 0.000000 0.000000, 0.000000 0.000000 0.000000, 0.000000 0.000000 0.000000, 0.000000 0.000000 0.000000, 0.000000 0.000000 0.000044, 0.000000 0.000000 0.000000, 0.000000 0.000000 0.000000, 0.000000 0.000000 0.000000, 0.000000 0.000000 0.000000, 
0.000000 0.000000 0.000000, 0.000000 0.000000 0.000000, 0.000000 0.000000 0.000000, 0.000000 0.000000 0.000000, 0.000000 0.000000 0.000000, 0.000153 0.000000 0.000000, 0.000000 0.000000 0.000000, 0.000000 0.000000 0.000000, 0.000000 0.000000 0.000001, 0.000000 0.000000 0.000000, 
0.000000 0.000000 0.000000, 0.000000 0.000000 0.000000, 0.000000 0.000000 0.000000, 0.000000 0.000000 0.000000, 0.000170 0.000000 0.000000, 0.000000 0.000000 0.000000, 0.000000 0.000000 0.000000, 0.000000 0.000174 0.000000, 0.000000 0.000001 0.000000, 0.000000 0.000000 0.000000, 
0.000000 0.000000 0.000000, 0.000000 0.000000 0.000000, 0.000000 0.000000 0.000169, 0.000000 0.000000 0.000003, 0.000000 0.000000 0.000000, 0.000000 0.000000 0.000000, 0.000000 0.000000 0.000000, 0.000000 0.000000 0.000000, 0.000000 0.000000 0.000000, 0.000000 0.000000 0.000000, 
0.000000 0.000000 0.000000, 0.000000 0.000042 0.000000, 0.000000 0.000000 0.000000, 0.000003 0.000000 0.000000, 0.000174 0.000000 0.000000, 0.000000 0.000000 0.000000, 0.000000 0.000000 0.000000, 0.000000 0.000000 0.000000, 0.000000 0.000000 0.000000, 0.000003 0.000000 0.000000, 
0.000000 0.000000 0.000000, 0.000000 0.000000 0.000000, 0.000000 0.000000 0.000000, 0.000000 0.000000 0.000000, 0.000000 0.000003 0.000000, 0.000000 0.000043 0.000000, 0.000000 0.000011 0.000000, 0.000000 0.000000 0.000000, 0.000000 0.000000 0.000000, 0.000000 0.000000 0.000000, 
0.000000 0.000000 0.000000, 0.000000 0.000000 0.000001, 0.000000 0.000000 0.000000, 0.000000 0.000000 0.000000, 0.000000 0.000000 0.000000, 0.000011 0.000000 0.000000, 0.000000 0.000000 0.000000, 0.000000 0.000000 0.000000, 0.000000 0.000000 0.000000, 0.000000 0.000000 0.000000, 
0.000000 0.000000 0.000000, 0.000003 0.000000 0.000000, 0.000000 0.000000 0.000000, 0.000000 0.000000 0.000000, 0.000000 0.000000 0.000000, 0.000000 0.000000 0.000000, 0.000000 0.000000 0.000000, 0.000001 0.000000 0.000000, 0.000001 0.000000 0.000000, 0.000000 0.000000 0.000000, 
0.000000 0.000000 0.000000, 0.000000 0.000000 0.000000, 0.000000 0.000001 0.000000, 0.000000 0.000000 0.000000, 0.000000 0.000000 0.000000, 0.000000 0.000000 0.000000, 0.000000 0.000000 0.000000, 0.000000 0.000000 0.000000, 0.000000 0.000000 0.000000, 0.000000 0.000000 0.000000, 
0.000000 0.000000 0.000000, 0.000003 0.000000 0.000000, 0.000000 0.000000 0.000000, 0.000000 0.000000 0.000000, 0.000000 0.000000 0.000000, 0.000000 0.000001 0.000000, 0.000000 0.000000 0.000000, 0.000000 0.000000 0.000000, 0.000000 0.000000 0.000000, 0.000002 0.000000 0.000000, 
0.000000 0.000000 0.000000, 0.000000 0.000000 0.000000, 0.000000 0.000000 0.000000, 0.000000 0.000043 0.000000, 0.000000 0.000000 0.000000, 0.000000 0.000000 0.000000, 0.000000 0.000000 0.000000, 0.000000 0.000000 0.000000, 0.000000 0.000000 0.000000, 0.000000 0.000000 0.000000, 
0.000000 0.000000 0.000000, 0.000000 0.000000 0.000000, 0.000000 0.000000 0.000000, 0.000000 0.000000 0.000000, 0.000044 0.000000 0.000000, 0.000000 0.000000 0.000000, 0.000000 0.000000 0.000000, 0.000000 0.000000 0.000000, 0.000000 0.000000 0.000000, 0.000000 0.000000 0.000000, 
0.000000 0.000000 0.000000, 0.000000 0.000000 0.000000, 0.000000 0.000000 0.000000, 0.000000 0.000153 0.000000, 0.000000 0.000000 0.000000, 0.000000 0.000000 0.000000, 0.000000 0.000000 0.000000, 0.000001 0.000000 0.000000, 0.000000 0.000000 0.000000, 0.000000 0.000000 0.000000, 
0.000000 0.000000 0.000000, 0.000000 0.000000 0.000000, 0.000000 0.000170 0.000000, 0.000000 0.000000 0.000000, 0.000000 0.000000 0.000000, 0.000000 0.000000 0.000174, 0.000000 0.000000 0.000001, 0.000000 0.000000 0.000000, 0.000000 0.000000 0.000000, 0.000000 0.000000 0.000000, 
0.000000 0.000000 0.000000, 0.000169 0.000000 0.000000, 0.000003 0.000000 0.000000, 0.000000 0.000000 0.000000, 0.000000 0.000000 0.000000, 0.000000 0.000000 0.000000, 0.000000 0.000000 0.000000, 0.000000 0.000000 0.000000, 0.000000 0.000000 0.000000, 0.000000 0.000000 0.000000, 
0.000000 0.000000 0.000000, 0.000000 0.000000 0.000000, 0.000000 0.000000 0.000000, 0.000000 0.000000 0.000000, 0.000000 0.000000 0.000000, 0.000000 0.000000 0.000000, 0.000000 0.000000 0.000000, 0.000000 0.000000 0.000000, 0.000000 0.000000 0.000000, 0.000000 0.000000 0.000000, 
0.000001 0.000000 0.000000, 0.000000 0.000000 0.000000, 0.000000 0.000000 0.000000, 0.000000 0.000000 0.000000, 0.000000 0.000000 0.000000, 0.000000 0.000000 0.000000, 0.000000 0.000000 0.000000, 0.000000 0.000000 0.000000, 0.000000 0.000000 0.000000, 0.000000 0.000000 0.000000, 
0.000000 0.000000 0.000000, 0.000000 0.000000 0.000000, 0.000000 0.000000 0.000000, 0.000000 0.000000 0.000000, 0.000000 0.000000 0.000000, 0.000000 0.000000 0.000000, 0.000000 0.000000 0.000000, 0.000000 0.000000 0.000000, 0.000000 0.000000 0.000000, 0.000000 0.000000 0.000000, 
0.000000 0.000000 0.000000, 0.000000 0.000000 0.000000, 0.000000 0.000000 0.000000, 0.000000 0.000000 0.000000, 0.000000 0.000000 0.000000, 0.000000 0.000000 0.000000, 0.000000 0.000000 0.000000, 0.000000 0.000000 0.000000, 0.000000 0.000000 0.000000, 0.000000 0.000000 0.000000, 
0.000000 0.000000 0.000000, 0.000000 0.000000 0.000000, 0.000000 0.000000 0.000000, 0.000000 0.000000 0.000000, 0.000000 0.000000 0.000000, 0.000000 0.000000 0.000000, 0.000000 0.000000 0.000000, 0.000000 0.000000 0.000000, 0.000000 0.000000 0.000000, 0.000000 0.000000 0.000000, 
0.000000 0.000000 0.000000, 0.000000 0.000000 0.000000, 0.000000 0.000000 0.000000, 0.000000 0.000000 0.000000, 0.000000 0.000000 0.000000, 0.000000 0.000000 0.000000, 0.000000 0.000000 0.000000, 0.000000 0.000000 0.000000, 0.000000 0.000000 0.000000, 0.000000 0.000000 0.000000, 
0.000000 0.000000 0.000000, 0.000000 0.000000 0.000000, 0.000000 0.000000 0.000000, 0.000000 0.000000 0.000000, 0.000000 0.000000 0.000000, 0.000000 0.000000 0.000000, 0.000000 0.000000 0.000000, 0.000000 0.000000 0.000000, 0.000000 0.000000 0.000000, 0.000000 0.000000 0.000000, 
0.000000 0.000000 0.000000, 0.000000 0.000000 0.000000, 0.000000 0.000000 0.000000, 0.000000 0.000000 0.000000, 0.000000 0.000000 0.000000, 0.000000 0.000000 0.000000, 0.000000 0.000000 0.000000, 0.000000 0.000000 0.000000, 0.000000 0.000000 0.000000, 0.000000 0.000000 0.000000, 
0.000000 0.000000 0.000000, 0.000000 0.000000 0.000000, 0.000000 0.000000 0.000000, 0.000000 0.000000 0.000000, 0.000000 0.000000 0.000000, 0.000000 0.000000 0.000000, 0.000000 0.000000 0.000000, 0.000000 0.000000 0.000000, 0.000000 0.000000 0.000000, 0.000000 0.000000 0.000000, 
0.000000 0.000000 0.000000, 0.000000 0.000000 0.000000, 0.000000 0.000000 0.000000, 0.000000 0.000000 0.000000, 0.000000 0.000000 0.000000, 0.000000 0.000000 0.000000, 0.000000 0.000000 0.000000, 0.000000 0.000000 0.000000, 0.000000 0.000000 0.000000, 0.000000 0.000000 0.000000, 
0.000000 0.000000 0.000000, 0.000000 0.000000 0.000000, 0.000000 0.000000 0.000000, 0.000000 0.000000 0.000000, 0.000000 0.000000 0.000000, 0.000000 0.000000 0.000000, 0.000000 0.000000 0.000000, 0.000000 0.000000 0.000000, 0.000000 0.000000 0.000000, 0.000000 0.000000 0.000000, 
0.000000 0.000000 0.000000, 0.000000 0.000000 0.000000, 0.000000 0.000000 0.000000, 0.000000 0.000000 0.000000, 0.000000 0.000000 0.000000, 0.000000 0.000000 0.000000, 0.000000 0.000000 0.000000, 0.000000 0.000000 0.000000, 0.000000 0.000000 0.000000, 0.000000 0.000000 0.000000, 
0.000000 0.000000 0.000000, 0.000000 0.000000 0.000000, 0.000000 0.000000 0.000000, 0.000000 0.000000 0.000000, 0.000000 0.000000 0.000000, 0.000000 0.000000 0.000000, 0.000000 0.000000 0.000000, 0.000000 0.000000 0.000000, 0.000000 0.000000 0.000000, 0.000000 0.000000 0.000000, 
0.000000 0.000000 0.000000, 0.000000 0.000000 0.000000, 0.000000 0.000000 0.000000, 0.000000 0.000000 0.000000, 0.000000 0.000000 0.000000, 0.000000 0.000000 0.000000, 0.000000 0.000000 0.000000, 0.000000 0.000000 0.000000, 0.000000 0.000000 0.000000, 0.000000 0.000000 0.000000, 
0.000000 0.000000 0.000000, 0.000000 0.000000 0.000000, 0.000000 0.000000 0.000000, 0.000000 0.000000 0.000000, 0.000000 0.000000 0.000000, 0.000000 0.000000 0.000000, 0.000000 0.000000 0.000000, 0.000000 0.000000 0.000000, 0.000000 0.000000 0.000000, 0.000000 0.000000 0.000000, 
0.000000 0.000000 0.000000, 0.000000 0.000000 0.000000, 0.000000 0.000000 0.000000, 0.000000 0.000000 0.000000, 0.000000 0.000000 0.000000, 0.000000 0.000000 0.000000, 0.000000 0.000000 0.000000, 0.000000 0.000000 0.000000, 0.000000 0.000000 0.000000, 0.000000 0.000000 0.000000, 
0.000000 0.000000 0.000000, 0.000000 0.000000 0.000000, 0.000000 0.000000 0.000000, 0.000000 0.000000 0.000000, 0.000000 0.000000 0.000000, 0.000000 0.000000 0.000000, 0.000000 0.000000 0.000000, 0.000000 0.000000 0.000000, 0.000000 0.000000 0.000000, 0.000000 0.000000 0.000000, 
0.000000 0.000000 0.000000, 0.000000 0.000000 0.000000, 0.000000 0.000000 0.000000, 0.000000 0.000000 0.000000, 0.000000 0.000000 0.000000, 0.000000 0.000000 0.000000, 0.000000 0.000000 0.000000, 0.000000 0.000000 0.000000, 0.000000 0.000000 0.000000, 0.000000 0.000000 0.000000, 
0.000000 0.000000 0.000000, 0.000000 0.000000 0.000000, 0.000000 0.000000 0.000000, 0.000000 0.000000 0.000000, 0.000000 0.000000 0.000000, 0.000000 0.000000 0.000000, 0.000000 0.000000 0.000000, 0.000000 0.000000 0.000000, 0.000000 0.000000 0.000000, 0.000000 0.000000 0.000000, 
0.000000 0.000000 0.000000, 0.000000 0.000000 0.000000, 0.000000 0.000000 0.000000, 0.000000 0.000000 0.000000, 0.000000 0.000000 0.000000, 0.000000 0.000000 0.000000, 0.000000 0.000000 0.000000, 0.000000 0.000000 0.000000, 0.000000 0.000000 0.000000, 0.000000 0.000000 0.000000, 
0.000000 0.000000 0.000000, 0.000000 0.000000 0.000000, 0.000000 0.000000 0.000000, 0.000000 0.000000 0.000000, 0.000000 0.000000 0.000000, 0.000000 0.000000 0.000000, 0.000000 0.000000 0.000000, 0.000000 0.000000 0.000000, 0.000000 0.000000 0.000000, 0.000000 0.000000 0.000000, 
0.000000 0.000000 0.000000, 0.000000 0.000000 0.000000, 0.000000 0.000000 0.000000, 0.000000 0.000000 0.000000, 0.000000 0.000000 0.000000, 0.000000 0.000000 0.000000, 0.000000 0.000000 0.000000, 0.000000 0.000000 0.000000, 0.000000 0.000000 0.000000, 0.000000 0.000000 0.000000, 
0.000000 0.000000 0.000000, 0.000000 0.000000 0.000000, 0.000000 0.000000 0.000000, 0.000000 0.000000 0.000000, 0.000000 0.000000 0.000000, 0.000000 0.000000 0.000000, 0.000000 0.000000 0.000000, 0.000000 0.000000 0.000000, 0.000000 0.000000 0.000000, 0.000000 0.000000 0.000000, 
0.000000 0.000000 0.000000, 0.000000 0.000000 0.000000, 0.000000 0.000000 0.000000, 0.000000 0.000000 0.000000, 0.000000 0.000000 0.000000, 0.000000 0.000000 0.000000, 0.000000 0.000000 0.000000, 0.000000 0.000000 0.000000, 0.000000 0.000000 0.000000, 0.000000 0.000000 0.000000, 
0.000000 0.000000 0.000000, 0.000000 0.000000 0.000000, 0.000000 0.000000 0.000000, 0.000000 0.000000 0.000000, 0.000000 0.000000 0.000000, 0.000000 0.000000 0.000000, 0.000000 0.000000 0.000000, 0.000000 0.000000 0.000000, 0.000000 0.000000 0.000000, 0.000000 0.000000 0.000000, 
0.000000 0.000000 0.000000, 0.000000 0.000000 0.000000, 0.000000 0.000000 0.000000, 0.000000 0.000000 0.000000, 0.000000 0.000000 0.000000, 0.000000 0.000000 0.000000, 0.000000 0.000000 0.000000, 0.000000 0.000000 0.000000, 0.000000 0.000000 0.000000, 0.000000 0.000000 0.000000, 
0.000000 0.000000 0.000000, 0.000000 0.000000 0.000000, 0.000000 0.000000 0.000000, 0.000000 0.000000 0.000000, 0.000000 0.000000 0.000000, 0.000000 0.000000 0.000000, 0.000000 0.000000 0.000000, 0.000000 0.000000 0.000000, 0.000000 0.000000 0.000000, 0.000000 0.000000 0.000000, 
0.000000 0.000000 0.000000, 0.000000 0.000000 0.000000, 0.000000 0.000000 0.000000, 0.000000 0.000000 0.000000, 0.000000 0.000000 0.000000, 0.000000 0.000000 0.000000, 0.000000 0.000000 0.000000, 0.000000 0.000000 0.000000, 0.000000 0.000000 0.000000, 0.000000 0.000000 0.000000, 
0.000000 0.000000 0.000000, 0.000000 0.000000 0.000000, 0.000000 0.000000 0.000000, 0.000000 0.000000 0.000000, 0.000000 0.000000 0.000000, 0.000000 0.000000 0.000000, 0.000000 0.000000 0.000000, 0.000000 0.000000 0.000000, 0.000000 0.000000 0.000000, 0.000000 0.000000 0.000000, 
0.000000 0.000000 0.000000, 0.000000 0.000000 0.000000, 0.000000 0.000000 0.000000, 0.000000 0.000000 0.000000, 0.000000 0.000000 0.000000, 0.000000 0.000000 0.000000, 0.000000 0.000000 0.000000, 0.000000 0.000000 0.000000, 0.000000 0.000000 0.000000, 0.000000 0.000000 0.000000, 
0.000000 0.000000 0.000000, 0.000000 0.000000 0.000000, 0.000000 0.000000 0.000000, 0.000000 0.000000 0.000000, 0.000000 0.000000 0.000000, 0.000000 0.000000 0.000000, 0.000000 0.000000 0.000000, 0.000000 0.000000 0.000000, 0.000000 0.000000 0.000000, 0.000000 0.000000 0.000000, 
0.000000 0.000000 0.000000, 0.000000 0.000000 0.000000, 0.000000 0.000000 0.000000, 0.000000 0.000000 0.000000, 0.000000 0.000000 0.000000, 0.000000 0.000000 0.000000, 0.000000 0.000000 0.000000, 0.000000 0.000000 0.000000, 0.000000 0.000000 0.000000, 0.000000 0.000000 0.000000, 
0.000000 0.000000 0.000000, 0.000000 0.000000 0.000000, 0.000000 0.000000 0.000000, 0.000000 0.000000 0.000000, 0.000000 0.000000 0.000000, 0.000000 0.000000 0.000000, 0.000000 0.000000 0.000000, 0.000000 0.000000 0.000000, 0.000000 0.000000 0.000000, 0.000000 0.000000 0.000000, 
0.000000 0.000000 0.000000, 0.000000 0.000000 0.000000, 0.000000 0.000000 0.000000, 0.000000 0.000000 0.000000, 0.000000 0.000000 0.000000, 0.000000 0.000000 0.000000, 0.000000 0.000000 0.000000, 0.000000 0.000000 0.000000, 0.000000 0.000000 0.000000, 0.000000 0.000000 0.000000, 
0.000000 0.000000 0.000000, 0.000000 0.000000 0.000000, 0.000000 0.000000 0.000000, 0.000000 0.000000 0.000000, 0.000000 0.000000 0.000000, 0.000000 0.000000 0.000000, 0.000000 0.000000 0.000000, 0.000000 0.000000 0.000000, 0.000000 0.000000 0.000000, 0.000000 0.000000 0.000000, 
0.000000 0.000000 0.000000, 0.000000 0.000000 0.000000, 0.000000 0.000000 0.000000, 0.000000 0.000000 0.000000, 0.000000 0.000000 0.000000, 0.000000 0.000000 0.000000, 0.000000 0.000000 0.000000, 0.000000 0.000000 0.000000, 0.000000 0.000000 0.000000, 0.000000 0.000000 0.000000, 
0.000000 0.000000 0.000000, 0.000000 0.000000 0.000000, 0.000000 0.000000 0.000000, 0.000000 0.000000 0.000000, 0.000000 0.000000 0.000000, 0.000000 0.000000 0.000000, 0.000000 0.000000 0.000000, 0.000000 0.000000 0.000000, 0.000000 0.000000 0.000000, 0.000000 0.000000 0.000000, 
0.000000 0.000000 0.000000, 0.000000 0.000000 0.000000, 0.000000 0.000000 0.000000, 0.000000 0.000000 0.000000, 0.000000 0.000000 0.000000, 0.000000 0.000000 0.000000, 0.000000 0.000000 0.000000, 0.000000 0.000000 0.000000, 0.000000 0.000000 0.000000, 0.000000 0.000000 0.000000, 
0.000000 0.000000 0.000000, 0.000000 0.000000 0.000000, 0.000000 0.000000 0.000000, 0.000000 0.000000 0.000000, 0.000000 0.000000 0.000000, 0.000000 0.000000 0.000000, 0.000000 0.000000 0.000000, 0.000000 0.000000 0.000000, 0.000000 0.000000 0.000000, 0.000000 0.000000 0.000000, 
0.000000 0.000000 0.000000, 0.000000 0.000000 0.000000, 0.000000 0.000000 0.000000, 0.000000 0.000000 0.000000, 0.000000 0.000000 0.000000, 0.000000 0.000000 0.000000, 0.000000 0.000000 0.000000, 0.000000 0.000000 0.000000, 0.000000 0.000000 0.000000, 0.000000 0.000000 0.000000, 
0.000000 0.000000 0.000000, 0.000000 0.000000 0.000000, 0.000000 0.000000 0.000000, 0.000000 0.000000 0.000000, 0.000000 0.000000 0.000000, 0.000000 0.000000 0.000000, 0.000000 0.000000 0.000000, 0.000000 0.000000 0.000000, 0.000000 0.000000 0.000000, 0.000000 0.000000 0.000000, 
0.000000 0.000000 0.000000, 0.000000 0.000000 0.000000, 0.000000 0.000000 0.000000, 0.000000 0.000000 0.000000, 0.000000 0.000000 0.000000, 0.000000 0.000000 0.000000, 0.000000 0.000000 0.000000, 0.000000 0.000000 0.000000, 0.000000 0.000000 0.000000, 0.000000 0.000000 0.000000, 
0.000000 0.000000 0.000000, 0.000000 0.000000 0.000000, 0.000000 0.000000 0.000000, 0.000000 0.000000 0.000000, 0.000000 0.000000 0.000000, 0.000000 0.000000 0.000000, 0.000000 0.000000 0.000000, 0.000000 0.000000 0.000000, 0.000000 0.000000 0.000000, 0.000000 0.000000 0.000000, 
