-624 -549 723 1
-649 -184 -393 0
-519 -545 580 1
-241 -523 488 1
-193 -442 617 1
-733 -81 -473 0
-712 -400 -408 0
-731 -196 -794 0
-278 -537 572 1
-338 -314 698 1
130 -3 -382 2
328 -47 -446 2
130 -59 -258 2
-493 -306 864 1
144 -4 -318 2
-401 -603 783 1
-500 -419 683 1
-469 -458 -679 0
180 115 -586 2
-355 -284 -791 0
-699 -147 -393 0
-640 -572 648 1
-307 -141 -733 0
502 -69 -586 2
422 257 -531 2
-447 -213 -333 0
-320 -418 724 1
182 -28 -301 2
424 -140 -556 2
-465 -732 871 1
180 10 -385 2
-501 -360 603 1
-732 -52 -430 0
412 191 -224 2
-266 -312 609 1
-476 -390 671 1
562 -158 -531 2
-296 -487 467 1
398 252 -306 2
144 241 -569 2
204 162 -388 2
440 269 -168 2
485 34 -383 2
-311 -392 -531 0
418 281 -393 2
-436 -392 -779 0
-216 -538 635 1
-239 -708 763 1
-278 -379 -624 0
-434 -358 535 1
-506 -448 513 1
-445 -360 613 1
-582 -119 -516 0
203 226 -216 2
-439 -599 527 1
-641 -222 -751 0
-588 -260 -553 0
-284 -438 790 1
550 146 -504 2
-326 -157 -428 0
-649 -442 -553 0
-505 -351 898 1
184 -62 -271 2
-422 -482 682 1
520 241 -279 2
264 25 -565 2
-624 -410 -735 0
-296 -380 -781 0
-563 -452 712 1
526 -65 -476 2
-552 -321 -469 0
424 -33 -469 2
-336 -430 -773 0
-326 -432 735 1
-383 -339 -442 0
-721 -392 -790 0
590 455 405 2
310 41 -456 2
-581 -361 765 1
-338 -109 -765 0
393 216 -519 2
524 -28 -472 2
-648 -691 659 1
405 105 -204 2
501 -17 -238 2
366 -38 -366 2
-413 -625 479 1
-284 -633 833 1
-444 -728 824 1
-707 -482 -512 0
447 -119 -240 2
-332 -490 454 1
-269 -290 696 1
456 87 -483 2
412 -11 -539 2
-437 -368 637 1
-338 -420 882 1
-143 -404 -527 0
-496 -76 -690 0
-614 -346 445 1
196 160 -602 2
-437 -381 830 1
-336 -714 547 1
-546 -375 485 1
-232 -633 788 1
-558 -477 610 1
-461 -305 -571 0
606 692 406 2
-363 -456 776 1
-630 -288 -595 0
229 150 -334 2
-452 -498 -338 0
292 197 -404 2
-462 -314 652 1
488 -136 -250 2
-604 -94 -614 0
280 -29 -607 2
-485 -248 -758 0
-318 -180 -478 0
-534 -735 706 1
-474 -303 -604 0
-302 -250 -386 0
-280 317 498 1
-730 -246 -798 0
169 260 -389 2
-209 -549 616 1
-635 -654 862 1
-418 -339 -636 0
-340 -363 783 1
123 259 -248 2
526 -101 -232 2
-399 -156 -649 0
251 27 -492 2
213 -22 -500 2
323 -41 -326 2
-529 -394 -597 0
-690 -112 -412 0
-194 -659 445 1
-548 -339 581 1
-576 -655 804 1
-492 -173 -789 0
313 61 -485 2
-680 -54 -346 0
-587 -316 733 1
-347 -129 -638 0
-290 -109 -502 0
-316 -659 858 1
-398 -169 -488 0
-652 -557 770 1
315 17 -500 2
558 173 -455 2
393 -106 -438 2
-240 -672 896 1
122 300 -293 2
156 -56 -389 2
-324 -483 -522 0
-301 -475 -458 0
-409 -529 774 1
-377 -464 -722 0
366 186 -410 2
-447 -178 -596 0
537 -61 -230 2
-548 -302 654 1
-701 -393 -607 0
-507 -399 -426 0
-233 -296 684 1
538 -9 -330 2
-416 -561 842 1
268 290 -220 2
-472 -434 618 1
-241 -529 516 1
562 9 -295 2
-617 -215 -741 0
-572 -279 -525 0
-201 -503 868 1
-376 -276 -427 0
-521 -502 726 1
526 61 -356 2
-400 -359 643 1
284 71 -579 2
-242 -653 805 1
-578 -253 -767 0
-384 -411 713 1
-471 -351 -791 0
-475 -457 616 1
199 190 -338 2
-377 -379 674 1
130 -62 -547 2
-545 -477 743 1
212 114 -496 2
-305 -460 -558 0
-565 -583 496 1
-564 -254 -431 0
-306 -230 -764 0
421 48 -497 2
373 208 -582 2
-320 -452 699 1
-626 -467 684 1
-601 -585 473 1
135 -57 -282 2
237 98 -172 2
-578 -376 569 1
-450 -131 -543 0
-569 -483 729 1
-527 -344 -474 0
290 -698 -98 2
-470 -224 -423 0
-493 -196 -750 0
-721 -274 -384 0
-300 -63 -602 0
-601 -312 -603 0
-607 -472 -495 0
-652 -381 868 1
-331 -678 605 1
-574 -356 -531 0
-284 -280 448 1
-517 -489 582 1
597 -472 -551 2
264 175 -619 2
312 197 -310 2
-450 -380 818 1
479 132 -407 2
-481 -702 760 1
-717 -390 -445 0
-300 -485 612 1
-515 -401 -638 0
-554 -313 596 1
265 21 -338 2
-694 -116 -730 0
-513 335 557 1
371 -113 -193 2
162 144 -488 2
246 177 -272 2
477 -108 -181 2
362 -55 -456 2
-413 -330 798 1
478 283 -273 2
235 -9 -245 2
-598 -208 -754 0
274 -17 -166 2
268 -106 -239 2
289 178 -404 2
-653 -232 -395 0
365 201 -468 2
-527 -312 -394 0
453 169 -241 2
485 53 -290 2
246 288 -247 2
-591 -334 -796 0
-550 -385 -440 0
286 -3 -603 2
-461 -491 -794 0
-283 -131 -677 0
-306 -466 -541 0
-457 -511 560 1
404 -155 -477 2
-392 -319 -574 0
-424 -505 722 1
-324 -472 -643 0
-352 -669 578 1
-294 -546 796 1
-229 -328 -634 0
481 188 -233 2
193 291 -368 2
-352 -92 -520 0
-508 -356 -629 0
288 -16 -218 2
-596 -217 -693 0
-453 -281 -671 0
-449 -302 879 1
-270 -601 548 1
-617 -676 471 1
-551 -285 -358 0
165 -117 -182 2
-506 -230 -334 0
151 -41 -558 2
-456 -116 -735 0
-215 -650 536 1
-742 -337 -616 0
-485 -400 -791 0
253 93 -356 2
-430 -649 736 1
-543 -464 -462 0
-534 -137 -560 0
410 57 -461 2
300 113 -382 2
-390 -370 -730 0
-445 -655 687 1
-513 -405 787 1
-632 -703 792 1
-477 -47 -371 0
418 -64 -416 2
-590 -338 -509 0
489 208 -579 2
-363 -184 -623 0
-305 -328 -507 0
-578 -264 -678 0
-500 -388 -461 0
-498 -460 909 1
-504 -410 604 1
342 146 -611 2
-620 -736 757 1
-494 -509 478 1
-68 654 384 2
-138 -22 177 1
-517 -140 -375 0
-541 -80 -728 0
310 -128 -433 2
322 182 -405 2
149 297 -201 2
-339 -464 -350 0
-469 -425 766 1
-622 -583 821 1
465 -132 -493 2
517 -106 -419 2
30 418 561 1
231 -28 -542 2
112 106 -574 2
166 294 -296 2
227 282 -413 2
-585 -575 775 1
-351 -685 540 1
-621 -316 805 1
-531 -474 557 1
314 192 -585 2
-560 -369 780 1
-547 -689 724 1
-571 -266 -715 0
-542 -306 -490 0
-420 -308 646 1
-344 -403 -527 0
-210 -446 860 1
379 236 -403 2
-279 -475 -625 0
-483 -383 -583 0
-357 -275 -480 0
-581 -505 -642 0
-207 -735 718 1
382 -71 -442 2
233 198 -384 2
338 265 -271 2
534 -119 -271 2
183 271 -605 2
529 220 -595 2
-448 -397 630 1
-279 -245 -476 0
506 194 -217 2
-308 -597 492 1
-348 -165 -542 0
-322 -529 869 1
-354 -398 574 1
369 -54 -473 2
308 71 -536 2
128 -84 -524 2
-553 -698 567 1
-731 -60 -366 0
-620 -274 842 1
-388 -374 -703 0
427 29 -422 2
311 202 -455 2
545 296 -628 2
209 -137 -198 2
445 81 -555 2
431 163 -278 2
-337 -354 724 1
261 -75 -197 2
-321 -419 -582 0
-436 -463 641 1
-370 -409 746 1
-335 -650 813 1
-550 -475 551 1
129 91 -258 2
-386 -113 -499 0
-282 -334 875 1
-617 -555 734 1
-289 -265 -405 0
-579 -195 -410 0
-311 -591 636 1
-619 -565 466 1
394 615 -94 2
-530 -231 -380 0
-670 323 -60 0
365 198 -391 2
418 168 -624 2
-303 -75 -709 0
-403 -425 624 1
-446 -620 773 1
-315 -175 -778 0
117 -56 -503 2
-640 -495 477 1
-169 -489 -167 0
-266 -607 740 1
135 -145 -469 2
361 107 -336 2
53 454 223 2
465 151 -565 2
-579 -97 -451 0
-455 -295 665 1
283 -111 -382 2
-736 -124 -407 0
228 498 639 2
-420 -377 898 1
-593 -81 -447 0
-538 -414 472 1
-725 -139 -654 0
210 -118 -444 2
-453 -367 808 1
-388 -96 -662 0
-207 -731 758 1
-555 -738 733 1
-525 -481 751 1
-669 -310 -746 0
505 -83 -283 2
-682 -394 -412 0
220 92 -491 2
-286 -424 -585 0
165 -159 -166 2
-371 -426 660 1
-307 -739 813 1
-473 -426 658 1
-282 -370 620 1
315 61 -299 2
401 4 -455 2
-677 -404 -680 0
490 14 -580 2
-573 -493 -355 0
-631 -646 500 1
284 -128 -512 2
-422 -373 -543 0
-662 -324 -766 0
-710 -149 -652 0
-359 -562 552 1
-367 -66 -495 0
-364 -467 -773 0
-682 -457 -503 0
513 17 -437 2
319 45 -580 2
-405 -53 -419 0
190 -82 -253 2
-366 255 681 1
213 186 -276 2
385 56 -343 2
-532 -293 -515 0
-609 -504 594 1
237 -109 -359 2
-222 -610 777 1
178 48 -324 2
-335 -255 -527 0
-668 -439 -409 0
-476 -489 -629 0
-567 -500 675 1
360 -122 -396 2
-578 -336 605 1
-554 -364 761 1
-224 -317 825 1
-458 -208 62 0
461 134 -318 2
-322 -527 792 1
380 45 -594 2
117 -27 -374 2
375 193 -503 2
-434 -447 -521 0
-502 -126 -664 0
303 159 -475 2
-286 -505 741 1
-192 -596 460 1
-330 -670 757 1
-294 -153 -796 0
328 -115 -195 2
-408 -415 -387 0
-223 -373 632 1
258 229 -211 2
-348 -448 -796 0
515 216 -181 2
-213 -660 452 1
-717 -58 -499 0
-358 -112 -494 0
184 -105 -546 2
179 263 -491 2
-270 -535 779 1
-742 -98 -475 0
406 243 -491 2
-547 -247 -372 0
-467 -98 -793 0
140 -31 -391 2
-477 -343 -467 0
-453 -497 -646 0
119 -42 -342 2
-207 -648 533 1
-417 -414 869 1
373 -127 -513 2
-682 -304 -382 0
-592 -617 696 1
-207 -387 895 1
-270 -602 795 1
218 12 -553 2
323 -21 -597 2
380 103 -312 2
-461 -291 -734 0
288 262 -467 2
-251 -621 497 1
536 -105 -503 2
-395 -462 -651 0
459 -134 -520 2
123 191 -170 2
-283 -177 -578 0
-399 -717 773 1
-476 -305 -543 0
-393 -364 -352 0
-508 -459 -679 0
355 67 -450 2
-485 -389 857 1
527 -59 -402 2
170 -526 -16 2
-479 -332 777 1
-575 -452 -377 0
-260 -466 790 1
-221 -364 854 1
509 254 -388 2
405 215 -532 2
459 153 -323 2
-526 -465 533 1
-711 -144 -474 0
-350 -405 -364 0
-224 -573 536 1
-438 -410 -533 0
-358 -437 573 1
-275 -582 585 1
-379 -298 632 1
187 277 -492 2
122 217 -529 2
-663 -49 -686 0
-599 -618 785 1
-197 -424 641 1
325 25 -359 2
-431 -384 500 1
386 259 -476 2
502 65 -194 2
385 307 -563 2
391 92 -610 2
-486 -469 605 1
-516 -472 482 1
407 38 -528 2
-595 -374 -355 0
-354 -355 754 1
-402 -368 -617 0
-478 -560 546 1
-337 -380 -710 0
-582 -692 593 1
-536 -326 587 1
-576 -600 528 1
-463 -592 541 1
-480 -551 477 1
-597 -291 -658 0
-336 -391 465 1
-380 -132 -527 0
-34 312 496 1
262 150 -425 2
48 -472 -398 0
-388 -328 -369 0
242 71 -254 2
-520 -342 -662 0
-353 -434 780 1
502 52 -295 2
-385 -386 845 1
285 234 -385 2
-401 -670 767 1
-357 -246 -449 0
176 132 -344 2
353 -47 -614 2
322 -106 -599 2
-365 -565 541 1
-484 -391 844 1
-643 -332 -763 0
-546 -489 862 1
-592 -259 -663 0
392 215 -364 2
-665 -308 -598 0
-517 -605 884 1
-467 -440 -484 0
-541 -343 788 1
151 24 -590 2
408 -51 -279 2
-386 -190 -669 0
-51 276 -338 2
-642 -547 642 1
667 144 -410 2
-438 -334 606 1
289 50 -357 2
-321 -536 701 1
159 564 120 2
-374 -205 -416 0
137 100 -305 2
385 249 -483 2
326 109 -422 2
575 -22 -288 2
-304 -187 -569 0
-579 -231 -711 0
344 70 -441 2
-470 -164 -362 0
248 -129 -554 2
-366 -371 850 1
-257 -293 500 1
257 52 -553 2
-325 -396 -685 0
488 117 -180 2
-492 -217 -631 0
-343 -611 570 1
-222 -632 577 1
-285 -284 614 1
-434 -604 552 1
-246 -564 595 1
-510 -469 798 1
-201 -287 556 1
-449 -550 899 1
-464 -127 -713 0
-539 -387 708 1
-532 -488 815 1
-253 -319 843 1
-322 -387 846 1
-456 -405 -495 0
-584 -440 -786 0
-571 -356 -729 0
-321 -401 -589 0
-611 -306 -509 0
191 304 -324 2
570 -55 -247 2
-638 -318 778 1
-728 -62 -453 0
-190 -415 193 1
393 240 -248 2
-520 -115 -706 0
-549 -308 -557 0
-283 -408 -698 0
551 252 -271 2
-284 -265 -625 0
316 214 -416 2
-197 -659 879 1
-476 -702 468 1
-200 -468 134 1
458 -154 -444 2
344 209 -518 2
-384 -470 -721 0
166 145 -539 2
-340 -644 452 1
-411 -105 -617 0
-487 -498 656 1
-344 -425 513 1
-367 -504 -513 0
-629 -468 828 1
-432 -317 -626 0
-415 275 -607 0
379 55 -569 2
411 175 -473 2
292 -93 -276 2
-507 -491 -649 0
-674 -136 -729 0
-335 -302 -794 0
-216 -721 611 1
-517 -278 -504 0
-699 -508 82 1
-448 -436 824 1
229 299 -431 2
-526 -70 -405 0
-480 -470 767 1
-673 -176 -765 0
-459 -274 -707 0
481 -155 -526 2
189 281 -492 2
-537 -425 674 1
-449 -422 -666 0
-191 -470 544 1
-349 -375 -658 0
-480 -359 -728 0
500 -102 -496 2
299 307 -549 2
572 177 -414 2
-431 -336 -511 0
-550 -501 -595 0
146 163 -198 2
549 136 -380 2
489 -34 -449 2
419 59 -558 2
-525 -443 739 1
238 115 -299 2
-529 -82 -620 0
-472 -259 -389 0
372 200 -396 2
370 12 282 2
-418 -336 -443 0
158 252 -249 2
-348 -430 -615 0
-526 -528 860 1
516 144 -560 2
-742 -164 -646 0
-437 -390 -429 0
-547 -258 -521 0
-464 -484 470 1
-617 -391 751 1
153 157 -409 2
315 215 -584 2
-527 -84 -489 0
-321 -630 585 1
-503 -452 697 1
-388 -547 866 1
-717 -198 -575 0
-394 -351 579 1
-268 -352 583 1
426 -4 -441 2
-305 -121 -708 0
-645 -307 -421 0
308 -131 -175 2
-507 -542 882 1
-534 -179 -558 0
-618 -682 826 1
317 -142 -538 2
148 186 -303 2
149 -11 -526 2
-636 -118 -368 0
-589 -283 500 1
251 -26 -589 2
-208 -592 635 1
-648 -302 -575 0
-332 -546 827 1
548 265 -547 2
-579 -428 -546 0
-582 -423 -489 0
-335 -677 455 1
-408 -394 852 1
-528 -463 -563 0
-264 -315 642 1
-641 -548 685 1
-721 -329 -427 0
228 53 -332 2
-431 -470 -564 0
-583 -256 -692 0
-525 -333 -401 0
-545 -317 -396 0
135 -14 -407 2
-486 -274 -662 0
213 279 -506 2
-310 -739 544 1
-677 -284 -713 0
520 -13 -428 2
-244 -313 766 1
-445 -637 503 1
-538 -623 638 1
-377 -73 -624 0
-534 -156 -630 0
-731 -69 -761 0
-625 -640 706 1
-742 -163 -564 0
310 -74 -194 2
-339 -203 -455 0
-416 -299 -395 0
430 -53 -407 2
-281 -253 -391 0
-656 -630 448 1
153 -80 -168 2
-322 -279 693 1
-562 -139 -342 0
252 171 -315 2
554 37 -271 2
456 129 -275 2
-555 -381 -681 0
494 -118 -590 2
-361 -251 -645 0
-408 -484 607 1
423 -535 277 2
515 -46 -373 2
-262 -720 783 1
159 267 -580 2
-450 -506 446 1
-578 -619 790 1
241 -54 -338 2
-448 -147 -481 0
-414 -671 584 1
-325 -286 -483 0
222 70 -190 2
-343 -567 630 1
266 -22 -474 2
221 76 -563 2
-660 -271 -445 0
-553 -289 474 1
-638 -384 -501 0
-554 -46 -428 0
-405 -610 584 1
126 105 -209 2
-470 -634 478 1
-318 -625 759 1
393 -19 -184 2
-341 -606 818 1
211 54 -231 2
186 294 -413 2
-450 -695 587 1
161 287 -255 2
-499 -126 -783 0
534 233 -616 2
-240 -695 725 1
-644 -495 -795 0
-369 -443 -773 0
-621 -590 706 1
128 138 -431 2
-292 -94 -693 0
442 -61 -405 2
377 -1 -407 2
-294 -281 729 1
-586 -333 -757 0
-519 -695 718 1
-419 -113 -574 0
193 -159 -328 2
-432 -438 -686 0
-603 -486 649 1
-532 -120 -398 0
-301 -448 -548 0
-326 -685 520 1
-709 -208 -506 0
-586 -442 627 1
493 -127 -279 2
-448 -299 535 1
-410 -302 774 1
-569 -404 540 1
-437 -249 -393 0
-438 -316 905 1
-579 -57 -448 0
-566 -318 466 1
510 276 -596 2
-347 -414 678 1
308 146 -193 2
289 -10 -450 2
297 307 -622 2
-388 -80 -750 0
-521 -472 -552 0
430 116 -604 2
-369 -284 -378 0
302 184 -551 2
171 188 -510 2
-281 -492 707 1
-582 -710 584 1
-475 -399 816 1
318 -128 -247 2
306 89 -599 2
-742 -441 -397 0
176 223 -607 2
-226 -635 653 1
-634 -64 -581 0
-425 -737 691 1
225 228 -177 2
-264 -322 749 1
-218 -722 536 1
-389 -129 -661 0
-527 -524 843 1
-382 -392 -582 0
535 37 -560 2
-382 -282 -386 0
286 226 -416 2
-449 -137 -772 0
-231 -464 787 1
-362 -348 750 1
516 25 -410 2
-345 -719 902 1
501 8 -549 2
480 237 -321 2
-622 -365 -405 0
504 -91 -561 2
-398 -386 -750 0
-575 -284 -760 0
446 -69 -627 2
-505 -398 -682 0
-525 -657 860 1
533 -55 -406 2
269 181 -412 2
-383 -410 -374 0
-707 -158 -543 0
-613 -644 488 1
-248 -553 608 1
-569 -47 -570 0
-640 -610 739 1
-587 -325 -483 0
361 292 -258 2
-364 -127 -707 0
169 58 -509 2
505 -31 -416 2
-363 -387 -531 0
-468 -136 -709 0
-234 -694 564 1
-637 -474 -422 0
-514 -476 -513 0
-618 -506 632 1
-520 -130 -769 0
-206 -558 523 1
-327 -165 -505 0
566 164 -439 2
-499 -59 -440 0
-283 -686 524 1
-400 -679 701 1
-391 -445 820 1
-217 -333 665 1
-438 -418 755 1
123 277 -304 2
234 81 -166 2
-699 -400 -615 0
-372 -338 -706 0
-535 -96 -507 0
29 -129 -541 2
-286 -162 -510 0
-709 -270 -620 0
462 101 -405 2
191 -62 -315 2
-655 -298 478 1
384 -54 -295 2
485 -94 -410 2
-323 -367 -438 0
-564 -312 847 1
-697 -427 -721 0
-369 -569 647 1
-302 -381 -527 0
-307 -558 876 1
279 -126 -373 2
-370 -119 -443 0
440 50 -544 2
-370 -212 -387 0
493 143 -473 2
-530 682 -287 0
-517 -681 833 1
306 -51 -612 2
260 -50 -356 2
-426 -235 -347 0
-639 -324 -557 0
-330 -734 837 1
367 192 -536 2
-272 -597 768 1
-723 -202 -480 0
-422 -131 -500 0
-290 -593 848 1
195 191 -498 2
-545 -394 877 1
-346 -636 458 1
490 -116 -535 2
242 94 -622 2
-471 -73 -792 0
182 253 -408 2
-190 -307 529 1
-492 -704 541 1
525 252 -202 2
-535 -299 -539 0
576 -151 -557 2
271 167 -567 2
-495 -118 -694 0
-331 -225 -514 0
-464 -426 875 1
-417 -591 627 1
575 -128 -185 2
-260 -473 812 1
137 197 -308 2
203 144 -549 2
-546 -257 -739 0
-311 -488 -400 0
-690 -325 -497 0
-305 -416 756 1
450 289 -509 2
-615 -473 490 1
-298 -102 -481 0
-610 -471 566 1
-528 -344 489 1
-394 -428 -570 0
-454 -353 636 1
529 161 -187 2
-239 -418 741 1
278 12 -474 2
-634 -593 888 1
265 171 -274 2
112 -21 -597 2
369 67 -598 2
-496 -143 -419 0
514 174 -617 2
-539 -375 640 1
-385 -340 -509 0
-197 -495 767 1
-616 -738 818 1
-493 -407 -734 0
346 -84 -347 2
261 29 -396 2
-233 -618 692 1
-358 -83 -643 0
-633 -437 873 1
-392 -380 -418 0
277 223 -313 2
315 127 -374 2
-285 -584 465 1
559 -112 -213 2
-428 -273 688 1
-344 -469 -604 0
-392 -337 -403 0
-522 -442 -361 0
-468 -108 -677 0
-365 -45 -521 0
197 -123 -450 2
524 262 -349 2
-543 -274 788 1
-724 -261 -764 0
-708 -267 -639 0
535 192 -361 2
-367 -398 555 1
-330 -333 -570 0
633 426 197 2
-298 -426 506 1
-313 -449 -739 0
-607 -398 -339 0
-585 -468 564 1
-490 -498 451 1
454 287 -360 2
-533 -377 -547 0
-446 -509 726 1
-348 -503 599 1
-463 -240 -516 0
341 161 -583 2
-650 -475 -549 0
278 169 -251 2
122 -159 -557 2
471 88 -392 2
277 -96 -357 2
-640 -334 -620 0
-251 -543 628 1
-541 -662 789 1
-412 -376 -409 0
478 113 -194 2
371 291 -166 2
-526 -255 -732 0
-321 -316 -727 0
379 -20 -225 2
-412 168 -646 0
-224 -292 839 1
-304 -158 -513 0
-558 -713 498 1
-277 -394 550 1
-554 -413 622 1
-249 -726 523 1
-409 -476 502 1
-472 -489 -598 0
-286 -92 -556 0
568 257 -339 2
-554 -122 -498 0
277 275 -403 2
247 103 -188 2
264 -42 -608 2
225 76 -498 2
-363 -376 -522 0
-571 -364 592 1
-437 -476 -382 0
375 -31 -527 2
-409 -116 -744 0
-276 -673 564 1
525 -30 -237 2
-514 -288 539 1
247 265 -539 2
-609 -241 -760 0
-339 -569 533 1
-246 -698 681 1
-434 -355 -617 0
468 5 -567 2
-392 -282 525 1
-303 -527 869 1
310 16 -173 2
328 75 -446 2
-591 -574 449 1
-324 -612 863 1
160 217 -170 2
-333 -400 749 1
-542 -483 575 1
301 185 -537 2
-423 -384 630 1
502 -340 -541 2
-439 -375 -694 0
438 184 -430 2
295 -63 -643 2
152 -109 -443 2
-605 -423 -547 0
268 227 -395 2
-699 -328 -473 0
544 -133 -343 2
-313 -467 659 1
348 -87 -264 2
-553 -208 -687 0
145 100 -572 2
486 127 -330 2
-459 -320 -593 0
-629 -346 665 1
303 244 -320 2
430 208 -185 2
-239 -280 767 1
378 205 -216 2
-543 -281 884 1
-219 -661 779 1
-643 -192 -743 0
227 300 -258 2
-514 -539 818 1
-416 -674 523 1
291 299 -282 2
-429 -276 476 1
187 105 -292 2
417 153 -165 2
-243 -275 567 1
-228 -485 778 1
-215 -565 555 1
-336 -428 -506 0
-576 -92 -679 0
190 -35 -298 2
513 -39 -366 2
-612 -329 715 1
-423 -237 -737 0
-607 -629 890 1
-390 -493 -449 0
-508 -485 723 1
-443 -466 -600 0
-605 -668 477 1
-394 -101 -645 0
-257 -447 489 1
-682 -427 -434 0
-489 -364 -373 0
539 136 -426 2
-339 -129 -459 0
-611 -450 815 1
260 108 -578 2
-565 -426 -363 0
-435 -311 626 1
-493 -417 -639 0
-481 -165 -478 0
309 -55 -345 2
-462 -550 799 1
565 -67 -553 2
433 96 -540 2
-538 -340 -567 0
-695 -186 -419 0
-576 -430 -440 0
-424 -49 -454 0
-447 -219 -457 0
-57 -178 -264 2
-577 -159 -450 0
-604 -366 501 1
-421 -627 749 1
288 48 -444 2
-205 -599 815 1
339 -75 -291 2
552 61 -507 2
-229 -479 518 1
-698 -448 -746 0
-342 -165 -751 0
-558 -297 751 1
125 -30 -180 2
-619 -349 -563 0
-365 -614 510 1
-606 -641 488 1
-512 -225 -690 0
428 -100 -219 2
132 -106 -319 2
-574 -292 -782 0
-509 -68 -491 0
-525 -509 880 1
-616 -95 -662 0
282 199 -349 2
-616 -563 844 1
-482 -282 845 1
380 142 -615 2
-619 -573 550 1
-624 -361 -544 0
-449 -726 702 1
-444 -94 -608 0
-387 -419 656 1
553 115 -533 2
-400 -482 -347 0
-638 -511 641 1
-655 -173 -634 0
533 32 -501 2
-240 -679 820 1
520 -137 -376 2
26 433 -647 2
-636 -119 -666 0
182 135 -218 2
50 638 -372 2
546 -92 -451 2
-333 -89 -597 0
306 74 -362 2
278 -51 -556 2
-476 -159 -447 0
545 119 -304 2
-728 -54 -561 0
-199 -689 818 1
-287 -267 -538 0
332 201 -544 2
407 5 -501 2
577 189 -550 2
533 -37 -243 2
-408 -205 -687 0
478 45 -407 2
-332 -357 808 1
-659 -332 -454 0
-629 -192 -699 0
419 30 -428 2
451 -62 -591 2
-525 -622 719 1
-492 -102 -755 0
-290 -111 -628 0
171 280 -550 2
-438 -638 890 1
-462 -672 705 1
376 85 -259 2
-206 -592 890 1
-499 -626 463 1
-429 -615 732 1
-461 -387 493 1
-216 -315 678 1
-366 -484 502 1
570 38 -273 2
-623 -710 504 1
-530 -82 -514 0
492 80 -365 2
-653 -188 -436 0
-462 -663 815 1
118 -21 -580 2
-404 -107 -435 0
-351 -492 897 1
-495 -571 874 1
342 136 -370 2
466 43 -292 2
-196 -279 750 1
286 269 -538 2
-388 -283 780 1
132 -22 -219 2
370 219 -370 2
-472 -344 894 1
-318 -53 -723 0
418 273 -460 2
-296 -445 815 1
-465 -413 556 1
-361 -90 -704 0
406 263 -477 2
-409 -408 -690 0
-552 -405 794 1
-673 -487 -630 0
-593 -53 -753 0
375 269 311 2
-628 -496 -750 0
-370 -309 -621 0
317 136 -229 2
-43 -280 213 1
-621 -728 547 1
-396 -265 -406 0
200 -96 -211 2
326 62 -488 2
-575 -526 678 1
-538 -502 662 1
131 -185 -638 2
-614 -500 -667 0
-598 -443 668 1
386 244 -288 2
-313 -57 -558 0
-627 -398 -473 0
221 121 -429 2
-541 -731 824 1
-632 -704 910 1
-556 -376 780 1
-347 -662 711 1
-726 -494 -484 0
-440 -356 652 1
198 278 -300 2
-716 -221 -721 0
132 162 -608 2
-603 -67 -546 0
142 253 -500 2
-456 -414 -341 0
-367 -491 765 1
-447 -419 -686 0
-643 -446 535 1
-388 -449 -792 0
-360 -87 -382 0
-541 -390 684 1
-300 -283 -578 0
-319 -411 -684 0
-338 -47 -481 0
-537 -403 737 1
-680 -146 -477 0
467 220 -379 2
457 218 -385 2
-491 -130 -340 0
-469 -196 -611 0
-217 -730 521 1
-319 -176 -350 0
-646 -310 861 1
-626 -491 -557 0
127 -109 -253 2
-668 -375 -339 0
-540 -468 728 1
162 159 -518 2
-395 -598 503 1
-474 -496 -765 0
-416 -636 505 1
-515 -50 -711 0
-359 -548 654 1
271 302 -554 2
-689 -387 -742 0
-521 -120 -407 0
-622 -446 789 1
341 -124 -326 2
-387 -646 798 1
-582 -425 473 1
314 -120 -390 2
277 -4 -628 2
-520 -293 -563 0
-578 -508 -712 0
460 39 -191 2
-372 -197 -354 0
509 222 -504 2
397 242 -474 2
464 111 -220 2
455 -109 -244 2
-289 -125 -337 0
-646 -377 608 1
255 -71 -449 2
508 140 -205 2
-740 -108 -598 0
-253 -395 658 1
217 207 -251 2
317 216 -399 2
-554 -644 693 1
-641 -139 -660 0
-361 -110 -568 0
-546 -318 537 1
344 228 -604 2
-530 -490 -557 0
-526 -315 -718 0
-238 -701 766 1
-433 -444 -689 0
477 25 -466 2
186 124 -577 2
-385 -226 -674 0
-640 -437 721 1
-711 -278 -780 0
-199 -630 601 1
-578 -427 799 1
-417 -315 793 1
-569 -328 486 1
-394 -189 -579 0
465 -45 -297 2
558 23 -339 2
-686 -357 -398 0
520 -90 -396 2
457 262 -255 2
261 -54 -581 2
-446 -220 -642 0
-387 -395 484 1
-332 -397 774 1
236 -29 -267 2
-242 -594 761 1
-608 -471 893 1
-391 -471 -616 0
-345 -192 -493 0
370 130 -375 2
-300 -397 744 1
471 -158 -505 2
-738 -320 -635 0
354 277 -389 2
-653 -217 -635 0
145 -55 -282 2
-324 -487 -506 0
-537 -440 -360 0
-394 -583 807 1
-689 -101 -784 0
-557 -149 -661 0
430 295 -528 2
-461 2 183 1
-306 327 -147 2
395 87 -192 2
-589 -184 -754 0
534 166 -345 2
179 509 -224 2
-342 -149 -633 0
-308 -721 484 1
130 -142 -175 2
215 62 -523 2
-546 -397 481 1
-539 -178 -692 0
-619 -304 -536 0
139 -91 -514 2
405 -156 -621 2
-690 -183 -694 0
283 -78 -243 2
-213 -518 803 1
190 -147 -565 2
114 -75 -169 2
254 159 -190 2
476 -25 -408 2
556 232 -564 2
-537 -458 790 1
-559 -99 -686 0
-291 -280 896 1
-374 -455 833 1
-317 -289 -467 0
-435 -209 -359 0
342 71 -517 2
458 196 620 2
-654 -286 -662 0
162 -145 -317 2
441 259 -531 2
358 142 -484 2
285 -129 -252 2
-421 -490 662 1
-512 -702 532 1
-516 -355 462 1
-707 -360 -585 0
180 11 -587 2
-460 -489 -483 0
-607 -382 -744 0
-454 -455 650 1
-325 307 -72 2
-514 -184 -690 0
-314 -105 -460 0
-631 -442 733 1
-273 -612 644 1
-661 -367 -679 0
482 225 -335 2
236 126 -357 2
519 71 -331 2
-698 -487 -417 0
439 102 -481 2
-495 -195 -692 0
-329 -204 -368 0
-358 -305 -596 0
-537 -449 803 1
-570 -48 -332 0
-489 -162 -542 0
159 -53 -221 2
-416 -154 -466 0
234 61 -267 2
-319 -584 800 1
-364 -478 569 1
-562 -475 -728 0
265 103 -351 2
-638 -610 502 1
-707 -390 -521 0
-296 -366 775 1
-325 -501 -584 0
-403 -221 -735 0
-431 -710 560 1
-704 -368 -356 0
-645 -355 534 1
-590 -406 899 1
503 193 -610 2
-422 -735 604 1
-275 -318 776 1
-519 -401 -380 0
-535 -323 666 1
488 71 -451 2
-400 -86 -757 0
155 214 -454 2
-468 -288 724 1
191 145 -377 2
574 -130 -229 2
-653 -74 -348 0
-419 -544 772 1
571 155 -206 2
293 -37 -579 2
-454 -554 501 1
-363 -423 894 1
519 -11 -276 2
-584 -498 852 1
-355 -290 827 1
136 114 -236 2
-432 -328 894 1
-202 -421 715 1
196 171 -175 2
162 7 -427 2
336 -99 -526 2
-317 -413 702 1
337 -5 -478 2
-707 -503 -735 0
365 99 -357 2
-259 -550 555 1
-439 -653 805 1
541 57 -364 2
-422 -376 507 1
-431 -314 -573 0
-367 -514 452 1
-625 -139 -706 0
-388 -424 -349 0
-684 -321 -668 0
-327 -104 -490 0
-495 -544 831 1
-357 -228 -591 0
-329 -263 -534 0
-384 -68 -482 0
183 -59 -166 2
-344 -197 -738 0
-387 -279 -494 0
-355 -54 -795 0
197 -7 -350 2
-350 -300 632 1
351 174 -349 2
-421 -690 654 1
276 134 -414 2
123 296 -515 2
-364 -445 -579 0
474 57 -206 2
-367 -273 -792 0
-205 -397 468 1
-443 -451 -482 0
-475 -655 863 1
-403 -391 599 1
383 -118 -540 2
-688 -246 -785 0
-476 -649 299 1
577 -15 -437 2
-460 -414 -707 0
-397 -354 -657 0
-313 -734 502 1
-350 -308 -393 0
-699 -423 -763 0
-352 -447 -611 0
-511 -496 -495 0
-412 -467 600 1
522 -80 -538 2
-480 -287 -558 0
-325 -352 -784 0
-431 -392 908 1
161 136 -568 2
-325 -116 -587 0
-579 -311 523 1
487 247 -251 2
367 203 -369 2
488 -22 -408 2
516 -11 -334 2
-566 -176 -487 0
262 180 -252 2
-707 -494 -378 0
179 -113 -462 2
-694 -314 -373 0
-682 -442 -604 0
234 508 269 2
459 -43 -421 2
496 75 -503 2
-346 -508 -652 0
-626 -400 -406 0
-541 -693 614 1
-480 -534 784 1
-585 -500 679 1
156 -74 -576 2
-389 -236 -733 0
401 -109 -624 2
482 -385 -89 2
522 -29 -199 2
281 89 -496 2
-482 -450 -782 0
-449 -732 694 1
-529 -616 539 1
-511 296 343 1
-347 -624 537 1
-611 -687 735 1
-535 -504 655 1
-676 -318 -790 0
165 -134 -392 2
-407 -407 -562 0
-496 -443 -356 0
480 45 95 2
437 261 -276 2
248 197 -208 2
-425 -376 -718 0
522 14 -204 2
-436 -353 761 1
-484 -319 539 1
528 302 -332 2
252 -133 -452 2
528 186 -185 2
-261 -629 751 1
-209 -671 777 1
47 562 46 2
-524 -475 641 1
162 30 -575 2
-480 -92 -637 0
-577 -345 -394 0
-463 -304 -565 0
-506 -312 -409 0
-331 -75 -596 0
-538 -464 869 1
-595 -335 868 1
230 34 -164 2
-405 -473 -344 0
-621 -240 -568 0
437 54 -568 2
-578 -323 -708 0
-479 272 84 0
-545 -90 -683 0
-528 -113 -743 0
557 218 -243 2
-715 -73 -653 0
-238 -623 630 1
-685 -204 -481 0
-424 -358 874 1
173 23 -585 2
-297 -413 711 1
-386 -323 -791 0
247 189 -545 2
-645 -318 465 1
-274 -690 870 1
-531 -455 -760 0
-453 -153 -367 0
-452 -449 577 1
-340 -701 849 1
-591 -387 -647 0
399 169 -417 2
-447 -379 617 1
274 178 -324 2
-350 -475 689 1
-601 -295 -456 0
-586 -375 735 1
508 35 -442 2
552 -22 -495 2
573 237 -409 2
207 -17 -539 2
-388 -494 -711 0
-566 -423 663 1
167 -141 -352 2
-544 -485 816 1
402 -77 -368 2
237 285 -181 2
300 97 -164 2
538 115 -522 2
-567 -486 -786 0
209 260 -509 2
-414 -594 -337 0
-662 -232 -521 0
-617 -374 499 1
-225 -506 883 1
-513 -277 879 1
-368 -307 666 1
-633 -605 664 1
491 48 -578 2
628 16 -468 2
562 258 -449 2
275 299 -357 2
-356 -276 -576 0
-622 -463 -341 0
256 72 -459 2
376 236 -466 2
-347 -620 780 1
-365 -589 701 1
111 56 -169 2
-552 -87 -409 0
-444 -245 -686 0
145 -99 -264 2
-629 -74 -686 0
573 205 -538 2
-638 -261 -425 0
543 160 -615 2
-654 -476 -743 0
-480 -419 590 1
471 -76 -562 2
618 -137 330 2
-223 -619 725 1
-355 -141 -561 0
-610 -379 -694 0
656 -408 -659 2
-637 -662 517 1
537 285 -590 2
-647 -619 789 1
-348 -494 -556 0
-278 -232 -416 0
-615 -571 682 1
-348 -557 756 1
-268 -518 674 1
-316 -664 590 1
-509 -508 561 1
-308 -592 498 1
146 271 -537 2
-652 -71 -735 0
-406 -486 844 1
132 155 -282 2
454 -3 -297 2
-649 -322 -500 0
-640 -46 -369 0
-495 -602 796 1
-594 -281 529 1
-331 -364 757 1
-213 -673 829 1
-717 -145 -486 0
167 286 -554 2
-540 -424 -692 0
-420 -420 -543 0
463 -3 -512 2
381 165 -501 2
-660 -257 -372 0
225 104 -243 2
-455 -564 467 1
-349 -275 642 1
-500 -275 559 1
-309 -542 881 1
-420 -601 821 1
-344 -381 798 1
191 265 -612 2
-549 -484 861 1
-576 -225 -564 0
-404 -309 -712 0
437 233 -275 2
295 64 -466 2
-505 -176 -510 0
-640 486 -604 0
-233 -378 651 1
-417 -204 -332 0
312 211 -279 2
-389 -258 -691 0
272 253 -275 2
312 113 -364 2
112 293 -466 2
547 51 -560 2
-466 -229 -660 0
257 -57 -275 2
-394 -447 -472 0
-222 -373 476 1
-241 -351 463 1
-705 -204 -627 0
547 239 -336 2
544 -319 -620 2
-387 -373 726 1
292 142 -315 2
-477 -114 -525 0
-580 -409 705 1
511 -89 -164 2
389 -108 -540 2
-506 -302 650 1
-510 -529 484 1
318 241 -494 2
-637 -311 -725 0
-361 -218 -498 0
-312 -402 609 1
-554 -465 -620 0
-401 -325 -512 0
-280 -333 616 1
423 -60 -186 2
-465 -256 -796 0
-381 -556 538 1
-15 604 296 2
144 54 -507 2
516 210 -466 2
488 216 -195 2
-428 129 -413 0
325 193 -400 2
-392 -453 647 1
-300 -581 604 1
-624 -234 -426 0
-604 -513 853 1
564 165 -275 2
315 101 -603 2
-359 -373 -716 0
280 -36 -458 2
-567 -295 648 1
-543 -530 610 1
243 209 -191 2
-191 -458 476 1
483 -64 -362 2
329 2 -256 2
-282 -106 -620 0
-425 -422 548 1
-528 -387 712 1
527 -139 -358 2
-388 -487 871 1
-333 -305 -511 0
412 138 -213 2
-343 -70 -738 0
-648 -292 766 1
128 180 -529 2
-374 -150 -623 0
-129 370 240 2
165 169 -501 2
-373 -709 465 1
-392 -381 669 1
-388 -495 873 1
-606 -133 -410 0
-357 -459 -448 0
-589 -680 717 1
514 222 -612 2
328 -29 -309 2
-576 -384 -728 0
-454 -485 -377 0
-678 -324 -763 0
-692 -223 -356 0
240 297 -400 2
518 104 -315 2
391 70 -461 2
571 98 -579 2
213 8 -590 2
-434 -367 675 1
-645 -367 663 1
152 89 332 2
-397 -267 -676 0
-399 -341 480 1
-627 -560 554 1
-236 -454 862 1
266 -109 -301 2
181 -76 -463 2
360 -116 -335 2
-417 -553 678 1
516 -9 -237 2
-660 -275 -777 0
-672 -145 -502 0
-487 -711 820 1
255 -149 -457 2
-524 -135 -558 0
-394 -608 773 1
490 -140 -339 2
138 242 -613 2
-456 -147 -385 0
-530 -483 -357 0
-553 -702 902 1
259 61 -483 2
257 -68 -464 2
535 180 -361 2
-522 -339 -554 0
-550 -587 475 1
125 77 -229 2
470 283 -403 2
-645 -261 -556 0
-345 -305 -364 0
-391 -98 -648 0
-704 -301 -539 0
-639 -230 -495 0
432 285 -354 2
-343 -669 780 1
-642 -137 -685 0
-439 -136 -525 0
-541 -398 -576 0
393 -124 -224 2
386 68 -218 2
479 -19 -352 2
-638 -570 494 1
527 145 -507 2
-205 -471 717 1
-255 -400 822 1
-333 -297 -622 0
-319 -638 776 1
-298 -453 757 1
-436 -457 883 1
-504 -315 -570 0
-279 -636 569 1
-291 -166 -347 0
-212 -737 837 1
116 235 -509 2
-610 -229 -365 0
-655 -736 446 1
-542 -571 634 1
-370 -114 -735 0
-421 -414 632 1
258 -106 -556 2
422 247 -230 2
-557 -546 690 1
-286 -586 648 1
559 70 -524 2
-426 -331 -575 0
-534 -312 -332 0
136 20 -455 2
-376 -380 -792 0
327 287 -358 2
524 -62 -171 2
-734 -189 -404 0
246 117 -182 2
-346 -457 653 1
-446 -412 -434 0
366 243 -404 2
-502 -725 796 1
266 -62 -295 2
-645 -461 -724 0
-508 -232 -757 0
-627 -520 858 1
-335 -301 -762 0
-496 -390 -339 0
694 -558 -252 2
-327 -409 822 1
433 285 -267 2
458 -140 -208 2
-414 -479 758 1
-359 -251 -482 0
369 -74 -527 2
-377 -540 519 1
182 23 -543 2
-620 -294 -428 0
-494 -560 863 1
-618 -46 -782 0
-405 -359 452 1
416 17 -559 2
-44 -160 -505 2
-297 -460 833 1
-516 -388 691 1
-421 -380 -567 0
-420 -85 -680 0
-609 -506 -592 0
-462 -309 -339 0
150 245 -321 2
-526 -502 776 1
-553 -542 731 1
-636 -449 -424 0
-611 -625 773 1
361 20 -451 2
-605 -560 685 1
-362 -241 -416 0
39 615 -400 2
-537 -393 591 1
419 -67 -603 2
-349 -565 903 1
-422 -391 687 1
202 126 -286 2
-513 -251 -423 0
-682 -122 -405 0
126 163 -373 2
236 252 -374 2
-540 -288 645 1
-731 -120 -553 0
-742 -95 -405 0
-351 -657 668 1
-442 -677 841 1
-361 -304 867 1
-265 -287 689 1
-604 -397 -349 0
293 84 -386 2
202 -98 -601 2
-560 -380 850 1
-564 -621 465 1
-546 -73 -727 0
552 -62 -256 2
-357 -446 -440 0
546 78 -233 2
-569 -449 748 1
-722 -347 -362 0
-501 -500 509 1
-651 -368 741 1
-402 -353 569 1
-232 -585 797 1
-563 -539 768 1
480 244 -483 2
127 -55 -234 2
-360 -295 501 1
-642 -713 769 1
557 13 -314 2
-720 -407 -520 0
-451 -585 766 1
-279 -333 -761 0
272 172 -387 2
-505 -342 711 1
-705 -235 -474 0
451 -102 -487 2
223 86 -281 2
-543 -291 -535 0
-403 -313 -753 0
-409 -467 557 1
-667 -249 -757 0
-303 -288 -769 0
-584 -213 -370 0
179 127 -173 2
-321 -442 -413 0
179 98 -439 2
-408 -290 -528 0
353 170 -235 2
-530 -502 -610 0
299 -19 -528 2
-611 -383 -457 0
-330 -601 882 1
512 47 -348 2
-714 -256 -702 0
-736 -442 -390 0
488 47 -235 2
-454 -433 -545 0
-281 -427 -475 0
337 18 -180 2
-555 -322 817 1
328 241 -490 2
267 -7 -340 2
580 127 -106 2
-598 -56 -734 0
-527 -280 547 1
-284 -348 692 1
457 286 -342 2
394 270 -316 2
-588 -65 -758 0
-561 -79 -415 0
435 95 -579 2
-259 -606 625 1
-520 -270 -752 0
129 205 -323 2
-535 -93 -485 0
-573 -302 -480 0
301 122 -389 2
-459 -619 781 1
257 -72 -486 2
-226 -367 830 1
-635 -94 -332 0
-729 -153 -521 0
233 -12 -413 2
-726 -131 -642 0
-666 -162 -515 0
-415 -525 712 1
-624 -395 696 1
-336 -448 -531 0
-372 -356 -598 0
-373 -494 -575 0
-559 -392 874 1
552 167 -516 2
-470 -326 -449 0
222 62 -163 2
-310 -356 -467 0
-591 -330 -613 0
-603 -476 621 1
-392 -450 529 1
453 151 -595 2
-566 -734 608 1
-378 -678 524 1
-605 -494 734 1
-546 -617 829 1
-338 -450 -487 0
-510 -484 445 1
382 294 -174 2
230 -66 -188 2
302 215 -513 2
-449 -470 -423 0
-590 -504 -407 0
422 15 -557 2
-473 -303 -509 0
364 154 -629 2
-532 -69 -415 0
460 -9 -604 2
-323 -452 486 1
-263 -332 515 1
-434 -545 459 1
-620 -314 477 1
-457 -541 536 1
-397 -383 859 1
-612 -380 -524 0
148 151 -568 2
-441 -435 706 1
552 41 -233 2
196 148 -572 2
57 28 -329 2
-337 -492 -733 0
-570 -530 799 1
-424 -319 -725 0
-334 -556 904 1
355 43 -209 2
338 35 -528 2
-418 -535 610 1
-196 -331 742 1
-357 -696 803 1
468 157 -215 2
-402 -193 -350 0
398 140 -600 2
-629 -442 750 1
-456 -386 683 1
-202 -635 842 1
-201 -441 715 1
-243 -341 742 1
-661 -192 -751 0
-384 -592 566 1
-427 -324 797 1
-427 -607 576 1
269 228 -555 2
-349 -266 -589 0
-267 -346 493 1
-465 -425 -646 0
-536 -293 -401 0
-654 -405 -362 0
221 -57 -441 2
-603 -254 -490 0
-519 -484 -707 0
-440 -335 -673 0
-479 -576 592 1
-566 -423 -494 0
-395 -709 796 1
152 -107 -222 2
-460 -494 822 1
-326 -344 -471 0
-488 -288 -506 0
-424 -335 -741 0
-509 -256 -682 0
-542 -361 579 1
420 225 -271 2
-564 -494 829 1
-648 -431 718 1
456 -156 -232 2
-491 -540 822 1
478 -154 -182 2
302 236 -443 2
312 258 -384 2
31 211 370 2
-691 -202 -467 0
-518 -294 -458 0
502 -56 -413 2
-482 -94 -760 0
-348 -262 -666 0
-538 -299 -426 0
-487 -288 639 1
563 -102 -431 2
139 -39 -570 2
-588 -688 904 1
-559 -163 -762 0
284 -1 -388 2
-331 -452 -370 0
-565 -495 639 1
-353 -665 727 1
-550 -614 501 1
-397 -459 558 1
176 10 -543 2
255 -58 -478 2
-400 -198 -394 0
413 -87 -169 2
-276 -285 465 1
-402 -447 653 1
487 -60 -565 2
-508 -174 -441 0
175 -294 -356 2
276 -153 -332 2
-505 -460 -531 0
325 -114 -625 2
-608 -213 -665 0
489 486 531 2
-330 -444 482 1
-538 -81 -592 0
-458 -378 -549 0
-190 -368 549 1
569 71 -199 2
437 250 -531 2
-408 -635 813 1
-475 -334 651 1
-445 -530 816 1
-418 -563 549 1
238 10 -297 2
-434 -278 869 1
32 240 -654 2
243 194 -352 2
-628 -411 906 1
-593 -315 -417 0
490 -381 -438 2
-588 -438 -682 0
-374 -339 835 1
-282 -500 505 1
-325 -142 -683 0
414 191 -341 2
-321 -51 -558 0
-626 -321 -591 0
-458 -253 -673 0
-361 -664 873 1
-371 -205 -575 0
168 120 -460 2
480 -12 -552 2
-312 -168 -401 0
-103 -141 682 1
-701 -457 -363 0
121 244 -329 2
-529 -707 507 1
-346 -504 -728 0
-539 -462 710 1
478 119 -174 2
-408 -85 -532 0
-595 -60 -672 0
176 -31 -362 2
-406 -738 703 1
-433 -305 -730 0
454 104 -463 2
-345 -49 308 1
-350 -93 -569 0
-559 -244 -786 0
311 185 -537 2
486 206 -402 2
-193 -642 840 1
-276 271 -558 0
401 83 -391 2
-648 -286 -408 0
-569 -135 -510 0
369 -5 -267 2
-470 -488 634 1
560 -6 -255 2
347 -118 -605 2
-363 -708 564 1
-555 -338 -433 0
-652 -67 488 1
-631 -135 -429 0
-509 -272 -513 0
-447 -486 819 1
-338 -723 820 1
356 186 -321 2
372 -28 -551 2
499 -18 -621 2
415 162 -523 2
-442 -407 -571 0
277 -159 -356 2
-339 -238 -378 0
-333 -404 -773 0
483 37 -203 2
250 25 -297 2
-258 -292 559 1
566 149 -567 2
215 2 -274 2
-362 -639 599 1
-233 -449 845 1
-193 -611 736 1
-619 -178 -746 0
-366 -301 744 1
-398 -299 499 1
-472 -76 -619 0
-435 -136 -543 0
155 52 -252 2
-454 -166 -633 0
-273 -687 679 1
-330 -414 -564 0
-652 476 681 1
236 233 -169 2
-655 -621 522 1
-371 -577 638 1
115 -37 -540 2
-589 -313 -629 0
-556 -487 889 1
-657 -243 -590 0
-560 -613 845 1
-693 -308 -694 0
-670 -142 -586 0
-680 -129 -766 0
425 -70 -390 2
-432 -640 734 1
-437 -500 -382 0
-278 -212 -466 0
-742 -341 -682 0
-318 -69 -608 0
493 152 -346 2
-233 -311 806 1
487 -66 -246 2
516 75 -266 2
241 -19 -433 2
-573 -462 -692 0
-617 -108 -372 0
-498 -398 -499 0
362 -18 -305 2
173 -132 -332 2
-601 -136 -638 0
-662 -487 -733 0
352 163 -328 2
-557 -570 669 1
321 157 -615 2
224 -87 -524 2
150 121 -219 2
-562 -732 832 1
-304 -142 -470 0
-287 -359 583 1
-468 -55 -343 0
511 154 -443 2
-550 -206 -547 0
-642 -222 -418 0
-539 -653 617 1
233 236 -283 2
359 -24 -176 2
383 -69 -422 2
-578 -390 761 1
-550 -579 741 1
339 142 -219 2
359 127 -531 2
519 1 -295 2
165 138 -191 2
-202 -682 838 1
325 282 -511 2
-515 -152 -631 0
435 138 -591 2
-566 -408 544 1
-521 -437 -544 0
424 6 -609 2
168 -119 -306 2
486 -54 -406 2
-271 -550 902 1
-400 -357 562 1
-324 -501 -666 0
159 -100 -594 2
-579 -576 808 1
-409 -671 581 1
357 -77 -240 2
-571 -572 838 1
213 72 -209 2
-364 -600 610 1
-594 -291 -542 0
-509 -624 757 1
-302 -427 -376 0
513 103 -564 2
448 -67 -180 2
-341 -441 624 1
-437 -132 -600 0
-619 -62 -528 0
554 236 -480 2
-640 -519 815 1
-505 -586 600 1
380 -3 -181 2
339 -3 -515 2
547 67 -552 2
-568 -303 -474 0
-437 -245 -764 0
137 -243 383 1
-483 -361 811 1
560 72 -388 2
293 -149 -513 2
-561 -699 655 1
-727 -308 -714 0
-742 -103 -468 0
-223 -299 623 1
-443 -505 -608 0
-645 -690 541 1
-443 -148 -749 0
108 -431 6 2
451 51 -461 2
-397 -439 -741 0
-412 -420 -519 0
23 126 -490 2
-525 -460 -641 0
-560 -543 846 1
239 -144 -271 2
-639 -673 566 1
443 -459 -628 2
-354 -571 776 1
-473 -420 505 1
-601 -676 494 1
213 228 -444 2
354 63 -385 2
-441 -602 473 1
-604 -622 536 1
-276 -484 782 1
330 206 -558 2
-525 -671 663 1
504 -80 -177 2
-714 -164 -589 0
566 74 -374 2
-641 -44 -411 0
-352 -472 -463 0
-551 -529 666 1
111 -72 -187 2
-341 -596 776 1
-414 -100 -679 0
323 -63 -466 2
-618 -368 490 1
536 257 -250 2
-459 -623 609 1
-743 -115 -747 0
525 -97 -629 2
558 277 -499 2
-313 -103 -652 0
119 113 -492 2
-380 -291 525 1
-559 -305 573 1
-557 -82 -339 0
-588 -501 -486 0
-695 -503 -534 0
521 289 -410 2
-524 193 232 1
-421 -353 -546 0
660 -12 -538 2
-363 -201 -402 0
125 -147 -268 2
-384 -484 -735 0
551 99 -436 2
-254 -709 771 1
486 -157 544 2
-313 -623 694 1
-448 -650 616 1
-669 -469 -535 0
-455 -176 -465 0
-646 -372 636 1
-537 -422 -403 0
-491 -691 745 1
-471 -107 -554 0
467 -52 -501 2
-219 -309 734 1
-427 -583 600 1
-349 -334 -591 0
-420 -275 535 1
-514 -280 840 1
-638 -676 759 1
243 -99 -241 2
-501 -321 541 1
-579 -134 -641 0
-335 -289 -349 0
-617 -637 889 1
153 150 -406 2
-637 -653 623 1
-281 -476 784 1
-618 -142 -769 0
412 203 -485 2
298 43 -497 2
-552 -477 550 1
-561 -548 460 1
418 -49 -443 2
-449 -468 860 1
334 196 -520 2
158 255 -607 2
-468 -647 524 1
-525 -466 -546 0
-350 -124 -524 0
-645 -443 526 1
-477 -513 634 1
537 -572 524 1
-699 -180 -795 0
-544 -494 789 1
410 106 -378 2
-558 -295 -541 0
-38 524 477 2
552 239 -366 2
-353 -336 -444 0
-562 -278 542 1
187 -8 -597 2
-359 -121 -664 0
575 -42 -382 2
-425 -287 -373 0
-625 -621 496 1
337 -65 -528 2
-644 -598 636 1
506 96 -200 2
395 102 -420 2
-553 -75 -577 0
-361 -597 656 1
-559 -297 -672 0
356 209 -551 2
-440 -178 -530 0
-569 -719 639 1
-310 -178 -731 0
415 236 -223 2
-411 -404 618 1
-215 -353 466 1
-263 -478 489 1
571 70 -356 2
514 -80 -252 2
154 15 -491 2
-360 -233 -655 0
-610 -500 735 1
-657 -500 -596 0
-588 -133 -673 0
-468 398 -206 0
-642 -218 -526 0
532 -87 -560 2
-307 -197 -470 0
-598 -739 798 1
-622 -250 -494 0
689 -556 -379 2
-314 -411 -689 0
-307 -433 -700 0
-384 -724 557 1
-394 -495 805 1
-254 -413 733 1
474 232 -386 2
-314 -231 -414 0
-428 631 373 1
-497 -484 -557 0
-640 -255 -405 0
-709 -161 -672 0
-288 -613 464 1
190 205 -548 2
-290 -482 871 1
-358 -258 -560 0
-582 -330 -593 0
-368 -541 844 1
140 -61 -541 2
-640 -314 680 1
522 53 -480 2
-458 -638 898 1
-195 -604 534 1
-620 -547 672 1
-412 -308 -501 0
-413 -507 -438 0
-296 -480 550 1
399 280 -506 2
-389 -487 755 1
-393 -471 863 1
-471 -195 -699 0
236 97 -597 2
-515 -381 590 1
-282 -355 906 1
-537 -517 703 1
-499 -403 577 1
453 -125 -379 2
-485 -664 699 1
487 93 -180 2
-384 -302 767 1
439 -159 -187 2
-439 -620 835 1
-519 -70 -678 0
-492 -456 453 1
321 256 -341 2
351 -98 -444 2
-296 -351 -765 0
-202 -404 546 1
189 215 -262 2
-454 -169 -488 0
-289 -470 449 1
-484 -344 623 1
159 -418 -457 2
-329 -137 -533 0
-652 -71 -739 0
-341 -382 785 1
-636 -446 749 1
-622 -468 -346 0
-245 -365 616 1
-594 -473 787 1
273 268 -611 2
504 141 -489 2
-534 -524 697 1
-702 -495 -569 0
207 243 -390 2
-564 -426 -396 0
282 178 -306 2
-583 -418 594 1
180 106 -613 2
-291 -421 -681 0
508 225 -314 2
417 56 -323 2
-371 -311 -655 0
213 63 -409 2
-285 -320 673 1
-515 -136 -713 0
-433 -682 607 1
553 59 -467 2
-636 -427 -718 0
261 19 -211 2
-426 -428 705 1
-303 -499 783 1
279 88 -325 2
-574 -532 689 1
-490 -48 -463 0
-400 -578 473 1
-568 -152 -548 0
568 199 -626 2
-307 -341 -421 0
-484 -595 762 1
-656 -388 653 1
-502 -434 589 1
543 -159 -236 2
-324 -304 -760 0
352 212 -272 2
-646 -388 603 1
494 -59 -429 2
442 23 -325 2
-621 -176 -716 0
-472 -394 -358 0
-228 -559 680 1
-582 -607 511 1
163 -60 -214 2
248 251 -388 2
-319 -478 -442 0
116 -146 -293 2
-664 -303 -731 0
366 174 -377 2
-376 -357 -416 0
-228 -539 869 1
-475 -551 679 1
-496 -373 516 1
-274 -304 754 1
-300 -242 -343 0
-381 -190 -492 0
-307 -175 -633 0
421 41 -322 2
-400 -433 -363 0
205 -21 -254 2
-550 -481 722 1
-220 -430 626 1
-351 -203 -360 0
-375 -286 691 1
-566 -179 -767 0
-508 -260 -785 0
522 97 -299 2
-632 -739 907 1
366 -57 -234 2
326 292 -352 2
-501 -99 -499 0
284 -64 -322 2
-421 -713 776 1
-513 -264 -574 0
-459 -271 -719 0
-106 -321 504 1
-375 -312 552 1
294 -44 -187 2
427 189 -489 2
-270 -482 529 1
153 9 -585 2
-592 -486 -347 0
-377 -417 -423 0
425 277 -438 2
-250 -697 629 1
-588 -227 -584 0
318 294 -458 2
-621 -401 -537 0
353 -137 -320 2
274 268 -541 2
2 482 178 2
-316 -89 -705 0
-736 -112 -363 0
-289 -423 584 1
-578 -652 688 1
549 156 -180 2
-437 -480 584 1
268 57 -270 2
-336 -160 -488 0
-708 -432 -745 0
-360 -565 498 1
402 0 -336 2
-482 -343 661 1
193 14 -341 2
510 -90 -205 2
-377 -191 -787 0
-569 -581 508 1
-450 -654 452 1
-399 -234 -444 0
519 -80 -258 2
282 -123 -241 2
331 -132 -318 2
-300 -699 538 1
-713 -190 -685 0
397 -107 -205 2
-432 -362 627 1
-347 -424 -388 0
-451 -324 -731 0
-648 -314 -458 0
-640 -444 -449 0
-512 -458 710 1
-634 -372 467 1
-201 -285 724 1
-370 -582 511 1
219 -29 -196 2
-323 -275 462 1
-647 -284 -613 0
390 -139 -424 2
-299 -488 830 1
-503 -339 829 1
-513 -455 -395 0
-239 -294 664 1
208 -32 -271 2
-607 -692 468 1
-435 -451 -720 0
166 -114 -331 2
-281 -443 555 1
309 -83 -317 2
-456 -71 -606 0
-583 -707 759 1
235 229 -373 2
508 41 -478 2
-211 -516 -34 0
128 131 -600 2
-281 -469 669 1
-367 -594 782 1
431 -50 -434 2
-493 -362 785 1
-345 -216 -646 0
-590 -115 -534 0
233 275 -305 2
289 293 -554 2
-562 -658 870 1
-439 -557 758 1
-466 -338 580 1
-634 -580 647 1
331 191 -199 2
149 -544 -329 2
363 -5 -555 2
466 32 -576 2
-462 -251 -573 0
321 -136 -397 2
475 -94 -486 2
-715 -67 -487 0
-470 -549 486 1
-687 -151 -486 0
433 149 -618 2
-654 -721 889 1
469 -417 -156 2
-437 -103 -407 0
381 -59 -344 2
356 -33 -610 2
-406 -362 886 1
-396 -420 -529 0
423 152 -357 2
-431 -209 -457 0
-235 -473 815 1
142 -13 -208 2
242 120 -464 2
-351 -402 -796 0
-354 -444 -395 0
529 161 -363 2
385 31 -447 2
458 -16 -605 2
513 181 -380 2
498 94 -314 2
153 2 -415 2
554 146 -522 2
-581 -299 798 1
208 -132 -172 2
-360 -260 -442 0
-322 -268 -339 0
-283 -255 -608 0
204 -70 -186 2
-354 -160 -524 0
121 -4 -578 2
-501 -258 -552 0
-288 -452 -640 0
-333 -380 883 1
-327 -449 696 1
128 -129 -536 2
-287 -583 739 1
-190 -499 487 1
-583 -346 -668 0
540 141 -313 2
393 62 -601 2
361 297 -571 2
178 222 -280 2
-385 -291 748 1
-527 -657 816 1
-524 -559 789 1
-537 -739 611 1
-347 -425 -444 0
-566 -321 550 1
-473 -71 -335 0
-386 -74 -518 0
-374 -632 459 1
-636 -487 652 1
-571 -293 -367 0
312 -130 -441 2
293 -46 -183 2
-411 -537 687 1
297 11 -452 2
-321 -250 -622 0
-641 -325 -452 0
547 214 -348 2
-402 -95 -575 0
308 225 656 1
-223 -304 827 1
-612 -427 -665 0
-594 -382 -577 0
-728 -134 -502 0
-577 -300 585 1
-518 -461 582 1
141 300 -527 2
-613 -457 688 1
-413 -358 449 1
-585 -500 631 1
-579 -727 606 1
241 232 -506 2
-318 -592 511 1
352 194 -470 2
-565 -593 486 1
324 -52 -207 2
-435 -395 -419 0
-197 -331 831 1
-645 -364 -545 0
-509 -158 -433 0
-683 -62 -692 0
171 -19 -510 2
-617 -393 -539 0
-396 -149 -469 0
-483 555 -60 0
-295 -338 894 1
291 249 -173 2
336 -93 -499 2
-619 -448 785 1
-595 -467 -375 0
-455 -471 -797 0
516 -1 -311 2
-281 -729 466 1
-379 -285 -347 0
-542 -282 -597 0
274 -119 -431 2
161 228 -526 2
383 164 -186 2
151 164 -285 2
-527 -381 -648 0
167 -12 -215 2
-672 -302 -776 0
-374 -196 -618 0
-309 -374 -394 0
-711 -169 -587 0
-567 -339 528 1
445 -58 -305 2
286 106 -230 2
-409 -529 700 1
-342 -367 886 1
537 -56 -230 2
167 -157 -168 2
-304 -531 841 1
262 179 -282 2
-440 -649 613 1
110 443 -461 2
-301 -643 485 1
-471 -484 704 1
-631 -399 689 1
200 -64 -318 2
-345 -141 -351 0
150 134 -265 2
-456 -266 -372 0
-437 -295 -779 0
-715 -454 -611 0
-397 -732 683 1
-476 -211 -715 0
563 17 -360 2
401 126 -604 2
-194 -371 577 1
494 247 -376 2
-436 -440 772 1
-304 -478 -734 0
556 99 -525 2
-159 -272 352 1
-295 -551 508 1
489 143 -512 2
186 -152 -461 2
-270 -300 620 1
-698 -442 -575 0
-476 -675 779 1
-482 -239 -682 0
159 84 -613 2
-564 -469 -381 0
-376 -331 -589 0
224 223 -504 2
-201 -434 723 1
341 278 -324 2
-323 -650 765 1
130 158 -594 2
-577 -307 -604 0
655 -43 616 2
-310 -412 527 1
-415 -265 -356 0
471 285 -588 2
200 81 -224 2
-538 -340 616 1
-378 -533 784 1
-564 -281 -668 0
-379 -311 -663 0
-216 -532 516 1
-705 -217 -684 0
205 80 -347 2
-727 -222 -621 0
-586 -301 540 1
-418 -719 857 1
-364 -363 -385 0
-622 -489 579 1
-420 -509 796 1
-374 -356 -577 0
149 135 -202 2
-281 -473 625 1
-708 -206 -478 0
473 -135 -613 2
-601 -722 611 1
-510 -318 -482 0
-652 -135 -439 0
-379 -511 647 1
283 -109 -308 2
-647 -345 668 1
-405 -647 614 1
-563 -153 -780 0
-472 -698 659 1
-325 -614 797 1
-531 -205 -638 0
-512 -241 -462 0
360 191 -372 2
-53 -74 294 1
-599 -470 406 1
142 78 -493 2
-498 -364 776 1
-645 -366 903 1
-389 -328 -750 0
517 215 -396 2
-652 -123 -735 0
420 269 -441 2
-570 -481 507 1
-730 -223 -676 0
271 -90 -582 2
-436 -627 575 1
-293 -459 -790 0
-291 -92 -736 0
-342 -267 -569 0
-294 -436 573 1
-724 -192 -726 0
-579 -131 -693 0
232 293 -453 2
554 -24 -203 2
-285 -285 684 1
-289 -384 575 1
-368 -361 -478 0
306 57 -622 2
-405 -180 -581 0
560 -114 -329 2
512 118 -474 2
-396 -167 -780 0
236 165 -472 2
-619 -99 -501 0
-333 -400 850 1
-415 -291 846 1
379 75 -396 2
192 -79 -366 2
-500 -123 -395 0
404 -42 -386 2
618 -542 -335 2
-531 -380 -490 0
-511 -292 -457 0
-204 -444 615 1
353 217 -462 2
-280 -408 492 1
449 99 -466 2
509 217 646 2
-258 -320 894 1
-324 -82 -390 0
-208 -608 676 1
293 139 -472 2
-698 -499 -511 0
-345 -488 889 1
-610 -561 815 1
-226 -550 732 1
-496 -50 -542 0
-697 -312 -611 0
170 63 -192 2
516 182 -177 2
-401 -404 789 1
-566 -88 -427 0
463 213 -383 2
412 -71 -315 2
-579 -450 584 1
-719 -452 -482 0
-214 -527 663 1
-298 -393 -794 0
-600 -72 -690 0
-543 -569 721 1
-612 -87 -608 0
179 275 -340 2
406 121 -543 2
-684 -374 -369 0
262 -118 -315 2
470 223 -218 2
-491 -302 682 1
-641 -410 855 1
-506 -710 758 1
-480 -436 852 1
-696 -455 -19 0
10 84 -495 2
-383 -250 -717 0
-296 -591 694 1
-329 -568 518 1
-570 -266 -581 0
172 12 -167 2
492 -99 -582 2
-219 -600 740 1
-686 334 -504 0
-536 -358 504 1
113 307 -607 2
642 358 -632 2
164 192 -358 2
-429 -673 487 1
-687 -196 -451 0
452 29 -176 2
325 -74 -514 2
112 -107 -395 2
-476 -676 729 1
218 -86 -571 2
465 -9 280 2
-669 -46 -394 0
-395 -511 794 1
359 -155 -294 2
203 83 -348 2
338 11 -515 2
-210 -544 643 1
-497 -360 -452 0
401 164 -177 2
-433 -282 900 1
391 -109 -378 2
-656 -502 -359 0
-555 -44 -503 0
111 55 -415 2
-402 -581 447 1
-368 -719 617 1
-544 -270 -688 0
-250 -494 687 1
-427 -349 470 1
-536 -485 -665 0
-326 -358 818 1
-562 -340 -620 0
-249 -657 629 1
-436 -63 -560 0
-715 -265 -636 0
-520 -73 -416 0
-521 -428 786 1
-480 -99 -436 0
-649 -156 -449 0
-529 -682 862 1
231 70 -499 2
-379 -382 -683 0
-636 -624 451 1
-457 -480 -590 0
-630 -501 -527 0
-639 -330 -468 0
262 205 -591 2
-412 -502 592 1
-407 -186 -460 0
384 246 -390 2
-701 -497 -535 0
-356 -410 -650 0
204 227 -457 2
574 -197 -529 2
242 -51 -408 2
-626 -199 -442 0
268 85 -299 2
298 113 -541 2
-304 -461 878 1
-288 -312 -467 0
-546 -370 591 1
-448 -646 559 1
-300 -660 610 1
187 144 -455 2
367 133 -177 2
-375 -351 868 1
554 283 -252 2
-487 -371 507 1
-652 -617 533 1
429 -128 -601 2
-343 -331 -491 0
-612 -674 782 1
-507 -716 745 1
340 126 -321 2
-595 -448 -784 0
313 -61 -220 2
-603 -354 818 1
-412 -577 500 1
-609 -473 462 1
-473 -460 -416 0
283 145 -595 2
513 265 -442 2
-635 -405 -576 0
-739 -148 -426 0
89 -433 696 1
-666 -445 -374 0
-579 -132 -795 0
-593 -386 487 1
533 52 -500 2
-368 -493 -586 0
-574 -254 -358 0
-411 -699 628 1
-588 -151 -791 0
-714 -111 -392 0
-583 -181 -787 0
-651 -439 674 1
-555 -648 744 1
-402 -235 -772 0
274 60 -340 2
-428 -487 -776 0
-576 -273 527 1
527 176 -389 2
-187 127 -322 2
380 299 -405 2
383 216 -612 2
-699 -176 -595 0
436 -135 -585 2
259 637 517 2
-412 -215 -607 0
209 121 -268 2
-659 -365 -622 0
-538 -705 820 1
208 207 -543 2
-334 -691 544 1
-535 -157 -769 0
-559 -735 778 1
-500 -283 803 1
423 -70 -331 2
-387 -327 518 1
-437 -293 723 1
260 256 -221 2
-717 -166 -373 0
-575 -401 -767 0
549 141 -618 2
323 29 -389 2
411 -99 -548 2
566 116 -362 2
-531 -446 -479 0
-423 -608 831 1
139 239 -617 2
477 -55 -241 2
-647 -369 -506 0
-603 -295 -764 0
-513 365 67 0
-565 -443 583 1
-461 -416 -537 0
684 590 513 2
-559 -398 -618 0
395 161 -519 2
-741 -50 -536 0
275 288 -328 2
334 71 -611 2
-497 -569 699 1
153 128 -165 2
470 -113 -233 2
190 187 -201 2
529 -302 218 2
-693 -477 -778 0
393 274 -576 2
-375 -418 541 1
208 30 -452 2
-652 -215 -531 0
-499 -377 683 1
-347 -701 718 1
-497 -190 -535 0
-423 -680 893 1
-530 -627 839 1
-421 -385 -583 0
387 119 -373 2
-312 -633 740 1
428 81 -307 2
210 40 -234 2
167 76 -386 2
335 -158 -372 2
-243 -394 893 1
-586 -422 716 1
-713 -373 -785 0
-661 -95 -797 0
-501 -392 -772 0
524 68 -204 2
-217 -546 724 1
-293 -606 494 1
-492 -367 -376 0
148 -86 -471 2
262 -47 -441 2
-603 -436 485 1
-42 -351 -604 0
-659 -187 -623 0
535 -102 -468 2
461 -40 -500 2
414 109 -482 2
-536 -140 -409 0
-274 -513 642 1
526 -104 -303 2
-626 -258 -683 0
-335 -420 793 1
522 171 -418 2
-614 -159 -437 0
-413 -179 -614 0
223 40 -343 2
-631 -443 -417 0
507 29 -614 2
-271 -575 588 1
-300 -304 890 1
-571 -436 602 1
-319 -366 686 1
-416 -600 720 1
-479 497 -221 0
184 45 -211 2
213 -108 -566 2
498 120 -375 2
-432 -701 663 1
-585 -478 586 1
282 185 -625 2
552 53 -511 2
553 -75 -458 2
-616 -116 -378 0
-715 -304 -748 0
276 -102 -554 2
-604 -50 -406 0
-580 -129 -508 0
-437 -170 -511 0
-492 -480 -364 0
-606 -322 -494 0
-699 -370 -496 0
-651 -193 -488 0
569 48 -170 2
-191 -417 545 1
315 125 -366 2
-459 -407 706 1
381 178 -373 2
278 -41 -176 2
-653 -146 -761 0
-521 -261 -714 0
-618 -678 882 1
-431 -637 695 1
-521 -491 507 1
-551 -504 546 1
-429 -420 -443 0
-714 -249 -598 0
147 276 -191 2
-460 -686 531 1
-626 -465 756 1
-592 -390 856 1
-427 -507 473 1
296 69 -202 2
562 147 -170 2
517 261 -254 2
-411 -237 -694 0
-509 -206 -587 0
-504 10 -458 0
496 -28 -431 2
-295 -123 -363 0
218 205 -412 2
232 283 -554 2
-603 -564 662 1
-439 -698 539 1
-350 -436 -460 0
-209 -654 591 1
322 263 -338 2
239 248 -521 2
-235 -397 837 1
146 178 -515 2
-253 -514 884 1
-414 -644 665 1
-582 -434 -347 0
-556 -576 683 1
-729 -312 -490 0
-413 -486 -502 0
-549 -406 614 1
446 109 -562 2
-563 -523 568 1
-715 -434 -499 0
-547 -686 652 1
-234 -422 873 1
-719 -244 -797 0
-622 -389 -710 0
-675 -278 -791 0
386 -138 -186 2
-583 -319 -524 0
-216 -686 621 1
-466 -563 634 1
-511 -191 -663 0
85 357 -184 2
-355 -586 590 1
523 98 -555 2
315 -1 -310 2
-614 -503 548 1
-380 -379 -555 0
-500 -234 -415 0
-584 -177 -663 0
-370 -438 -333 0
-596 -403 -695 0
316 -139 -236 2
555 -80 -317 2
343 -402 664 1
-696 -71 -351 0
538 -14 -454 2
-502 -328 -555 0
574 -98 -278 2
-652 -316 -785 0
-307 -429 -727 0
-345 -470 -775 0
288 -66 -310 2
-608 -142 -493 0
-335 -215 -398 0
-380 -445 512 1
-442 -314 -596 0
-291 -111 -640 0
-374 -560 877 1
568 138 -330 2
316 72 -581 2
-685 -80 -536 0
166 -32 -387 2
254 -54 -314 2
521 -54 -448 2
-418 -366 734 1
329 286 -232 2
242 290 -429 2
-545 -60 -573 0
320 -127 -351 2
-487 -378 -575 0
-262 -456 905 1
-346 -200 -629 0
-355 -116 -705 0
432 301 -228 2
-418 -602 819 1
-520 -287 -336 0
-591 -342 -722 0
409 210 -333 2
-238 -344 751 1
-520 -270 -508 0
474 222 -602 2
-678 -329 -756 0
-729 -153 -697 0
459 170 -253 2
-647 -610 746 1
312 -58 -406 2
-369 -316 887 1
-336 -206 -386 0
-592 -139 -386 0
-395 -225 -532 0
-440 -403 473 1
-378 -573 776 1
-425 -461 -401 0
-328 -554 834 1
-462 -296 -580 0
-634 -201 -703 0
-456 -279 868 1
544 -134 -359 2
-252 -275 664 1
-445 -542 753 1
-487 -532 717 1
-380 -405 760 1
379 -100 -312 2
491 136 -329 2
304 -3 -174 2
256 -101 -593 2
312 -124 -359 2
-457 -546 634 1
537 199 -304 2
-496 -524 756 1
-529 -581 539 1
-338 -614 834 1
-279 -495 -670 0
-483 -422 -786 0
125 193 -621 2
260 89 -374 2
-581 -425 -792 0
-393 -582 564 1
392 -55 -407 2
-679 -459 -482 0
272 203 -617 2
-451 -696 466 1
-481 -626 633 1
421 212 -379 2
175 -79 -515 2
410 -15 -563 2
-610 -671 590 1
-230 -551 572 1
-409 -116 -422 0
-640 -431 -389 0
-560 -362 528 1
-424 -350 -719 0
-282 -620 747 1
-362 -430 387 1
-451 -309 -786 0
-390 -667 638 1
-544 182 45 0
-321 -407 506 1
-273 -354 864 1
-351 -445 -575 0
-678 -221 -664 0
568 -57 -302 2
-640 -484 -638 0
-304 -186 -398 0
219 106 -371 2
-551 -388 -423 0
-360 -76 -706 0
-409 -61 -439 0
270 111 -318 2
379 -60 -527 2
-535 -559 675 1
-611 -595 754 1
-597 -291 -472 0
-584 -545 830 1
482 231 -543 2
371 -18 -351 2
-406 -633 908 1
131 208 -173 2
-385 -406 -634 0
-741 -58 -573 0
121 133 -206 2
-626 -296 477 1
493 252 -342 2
-567 -495 719 1
-625 -700 552 1
-551 -610 793 1
-298 -174 -697 0
-290 -278 436 1
-423 -398 864 1
-242 -482 819 1
549 16 -241 2
-694 -468 -359 0
-299 -623 755 1
446 255 -180 2
432 -159 -427 2
-471 -169 -628 0
-587 -562 466 1
-398 -310 658 1
-275 463 -140 2
-338 -211 -473 0
-468 -407 644 1
479 104 -575 2
-587 -413 -524 0
-429 -305 633 1
-443 -222 -416 0
-506 -521 468 1
-624 -464 702 1
-445 -572 592 1
466 49 -594 2
-356 -131 -713 0
-638 -83 -641 0
216 223 -389 2
-333 -410 -470 0
-437 -115 -633 0
576 -36 -613 2
-450 -282 -394 0
-496 -369 867 1
478 -150 -553 2
-582 -594 689 1
-552 -485 -614 0
471 210 -228 2
-217 -672 490 1
-522 -466 -683 0
-730 -333 -758 0
-210 -306 663 1
527 215 -436 2
371 -40 -321 2
436 286 -606 2
-355 -517 903 1
-503 -111 -471 0
-323 -533 832 1
-731 -78 -386 0
478 287 -609 2
-415 -581 867 1
-320 -527 601 1
286 245 -282 2
-376 -282 -443 0
214 218 -547 2
-357 -459 692 1
-290 -472 -612 0
272 177 -516 2
-374 -454 819 1
-597 -69 -455 0
-375 -297 -332 0
-482 -153 -427 0
-539 -465 -561 0
-471 -486 -729 0
-536 -393 -422 0
-556 -93 28 0
-538 -704 701 1
-301 -718 455 1
-376 -562 617 1
-221 -726 864 1
451 130 -590 2
312 -118 -484 2
310 144 -166 2
-466 -417 730 1
-360 -60 -631 0
127 264 -533 2
-674 -164 -733 0
-700 -133 -790 0
174 -130 -536 2
-488 -196 -697 0
551 202 -219 2
-422 -334 276 1
-356 -506 -571 0
450 -97 -463 2
342 -103 -199 2
436 150 -319 2
313 -93 -527 2
-398 -605 495 1
-732 -464 -679 0
-329 -562 728 1
174 -17 -608 2
-436 -668 644 1
-417 -188 -515 0
122 80 -333 2
673 -388 -87 2
-395 -301 -561 0
-396 -316 510 1
-423 -99 -670 0
-661 -328 -374 0
-247 -280 864 1
-302 -203 -651 0
113 222 -338 2
-285 -206 -393 0
-437 -429 -379 0
-527 -460 -383 0
365 -22 -464 2
-574 -573 540 1
-591 -516 571 1
-361 -376 -710 0
-371 -75 -591 0
556 273 -527 2
-245 -654 525 1
196 207 -599 2
352 209 -575 2
-719 -90 -359 0
-269 -583 899 1
422 110 -405 2
-333 -462 -498 0
202 145 -522 2
-479 -288 897 1
-440 -522 902 1
115 505 -164 2
-496 -722 505 1
437 647 320 2
111 -144 -412 2
-258 -686 551 1
-651 -361 -454 0
-447 -377 607 1
-601 -498 -620 0
322 -13 -228 2
-33 -664 237 1
542 285 -533 2
-451 -55 -498 0
426 75 -202 2
-469 -543 795 1
-354 202 492 1
306 621 -649 2
568 97 -267 2
-293 -460 -341 0
157 246 -541 2
438 249 -330 2
-437 -212 -572 0
-269 -427 547 1
-296 -353 789 1
121 55 -398 2
-232 -461 663 1
-227 -726 711 1
-599 -219 -597 0
-585 -430 770 1
-575 -478 -379 0
-344 -259 -388 0
-427 -488 857 1
-364 -223 -639 0
216 -147 -185 2
130 -137 -243 2
-650 -672 887 1
554 5 -318 2
-415 -45 -762 0
-603 -419 675 1
374 201 -319 2
-651 -340 596 1
321 112 -446 2
299 252 -626 2
-433 -626 706 1
550 191 -310 2
-435 -568 567 1
-346 -465 -459 0
249 124 -552 2
-377 -230 -785 0
-604 -713 610 1
-652 -430 -670 0
-263 250 372 1
438 537 -543 2
474 -123 -422 2
-253 -458 907 1
-285 -254 -509 0
-649 446 418 1
-503 -371 555 1
-503 -394 -479 0
-464 -555 685 1
534 264 -201 2
-477 -549 602 1
-542 -532 532 1
-354 -492 526 1
-616 -479 820 1
-360 -386 -497 0
423 -108 -546 2
-619 -173 -791 0
477 -125 -351 2
187 -138 -327 2
-321 -605 485 1
-736 -321 -746 0
-402 -268 -667 0
-458 -398 -630 0
-341 58 117 0
-648 -447 895 1
-538 -253 -457 0
-283 661 274 2
-561 -170 -472 0
231 177 -419 2
-495 -368 704 1
-626 -569 684 1
-578 -93 -623 0
-392 -329 592 1
-304 -437 469 1
426 247 -204 2
-582 -239 -541 0
-601 -296 445 1
-639 -509 -343 0
282 -127 -190 2
-726 -405 -691 0
-585 -492 910 1
197 22 -485 2
-623 -512 850 1
571 215 -420 2
-584 -136 -634 0
-638 -462 -576 0
526 258 -288 2
339 60 -523 2
-613 -102 -655 0
-513 -423 467 1
257 295 -237 2
-467 -154 -693 0
-257 -295 647 1
469 -85 -529 2
339 -109 -244 2
-619 -504 685 1
-381 -348 -634 0
474 -278 -242 2
-481 -341 487 1
-584 -355 -534 0
-381 -493 -394 0
313 196 -457 2
-391 -122 -727 0
459 -77 -401 2
-631 -184 -545 0
440 73 -437 2
174 201 -322 2
-405 -666 767 1
364 306 293 2
271 272 -196 2
-651 -335 -391 0
139 164 -296 2
135 181 -251 2
-500 -492 -615 0
-509 -415 -599 0
303 -88 -558 2
-620 -400 -352 0
-421 -274 659 1
-629 -666 852 1
-269 -594 628 1
-208 -678 574 1
224 -100 -302 2
-621 -345 744 1
361 -159 -219 2
544 -149 -595 2
-419 -69 -783 0
492 -146 -239 2
-624 -144 -475 0
-294 -485 474 1
-661 -313 268 1
-602 -361 -762 0
112 -80 -516 2
-308 -398 -717 0
-347 -410 -787 0
479 157 -380 2
467 121 -402 2
-333 -454 821 1
-488 -380 -765 0
-629 -429 666 1
275 -45 -441 2
499 185 -268 2
-322 -374 -454 0
145 115 -393 2
-454 -280 549 1
-399 -445 -501 0
-339 -316 -490 0
232 -127 -505 2
-639 -92 -583 0
-370 -506 607 1
525 -26 -407 2
263 -78 -169 2
-349 -409 697 1
516 143 -305 2
-527 -289 898 1
-491 -187 -644 0
514 -65 -603 2
119 -70 -472 2
-679 -137 -395 0
-605 -175 -415 0
-656 -590 449 1
-320 -532 504 1
200 -56 -270 2
-570 -380 897 1
249 -29 -583 2
-711 -483 -522 0
-406 -615 812 1
-407 -423 -686 0
344 -45 -347 2
-466 -503 501 1
173 88 -609 2
496 173 -414 2
415 37 -457 2
-360 -656 566 1
-578 -275 623 1
218 52 -263 2
-411 -455 783 1
-429 -482 579 1
-571 -620 884 1
-477 -333 -681 0
184 215 -266 2
-302 -172 -788 0
-223 -622 900 1
-369 -452 -789 0
-587 -361 711 1
-593 -91 -611 0
438 -117 -268 2
368 228 -250 2
228 304 -325 2
545 264 -545 2
447 244 -502 2
-463 -419 903 1
-449 -416 687 1
162 -124 -454 2
566 129 -441 2
-512 -483 874 1
-319 -158 -613 0
-622 -251 -391 0
380 -10 -233 2
-319 -699 661 1
223 257 -311 2
78 168 10 2
241 154 -240 2
268 166 -430 2
-78 -93 364 1
-361 -506 -796 0
282 306 -277 2
-403 -283 483 1
414 115 -595 2
-501 -350 -501 0
-318 -55 -751 0
-202 -357 839 1
406 167 -602 2
-310 -267 -538 0
-218 -697 611 1
-657 -110 -543 0
245 133 -603 2
-333 -181 -606 0
436 159 -225 2
-641 -74 -767 0
268 205 -452 2
-425 -217 -520 0
-374 -518 896 1
-481 -81 -787 0
-548 -96 -735 0
-445 -201 -710 0
-550 -664 613 1
482 -105 -593 2
-703 -256 -570 0
-335 -77 -342 0
-353 -341 -798 0
-732 -445 -519 0
-432 -218 -524 0
-301 -402 627 1
153 -135 -299 2
476 -46 -453 2
203 108 -173 2
-428 -570 743 1
167 145 -629 2
427 146 -441 2
308 196 -255 2
-335 -517 821 1
-620 -420 -769 0
526 144 -340 2
-345 -313 699 1
-349 -360 606 1
209 305 -180 2
-621 -445 582 1
-375 -712 618 1
-376 -448 -725 0
-653 -710 703 1
-585 -645 525 1
-547 -460 832 1
550 106 -190 2
-431 -430 610 1
255 174 -305 2
-237 -580 662 1
-652 -400 493 1
-362 -475 -742 0
-512 -468 -483 0
326 53 -366 2
-369 -70 -746 0
-642 -517 671 1
164 -95 -220 2
-697 -353 -520 0
-357 -98 -441 0
-203 -575 851 1
-710 -423 -741 0
-540 -653 584 1
-732 -434 -588 0
380 150 -272 2
-449 -401 446 1
180 200 -290 2
-223 -407 514 1
-558 -384 -668 0
230 57 -354 2
407 283 -427 2
629 208 -585 2
-724 -237 -605 0
-506 -64 -334 0
-619 -587 640 1
-549 -233 -713 0
-476 -334 -610 0
182 200 -626 2
-510 -556 556 1
130 286 -471 2
-604 -440 -648 0
-702 -145 -728 0
-523 -201 -755 0
-424 -300 -567 0
364 -42 -500 2
-513 -60 -422 0
338 65 -608 2
-676 -269 -598 0
444 95 -463 2
481 259 -250 2
-327 -203 -632 0
-258 -414 885 1
128 -78 -622 2
-280 -329 691 1
-206 -629 648 1
-520 -248 -505 0
-528 -464 583 1
532 28 -171 2
-488 -566 463 1
-510 -524 684 1
314 591 614 2
545 -34 -524 2
203 -67 -174 2
-527 -661 562 1
-265 -418 606 1
234 -108 -181 2
480 -7 -228 2
395 -148 -231 2
-470 -278 658 1
425 141 -466 2
456 -55 -435 2
-353 -481 685 1
286 44 -279 2
150 300 -267 2
-460 -629 618 1
655 -447 -269 2
-536 -702 508 1
336 21 -596 2
-301 -65 -545 0
-584 -224 -747 0
158 -149 -269 2
-624 -84 -561 0
244 89 -590 2
541 131 -424 2
451 0 -516 2
280 153 -432 2
-652 -509 570 1
-692 -74 -532 0
425 276 -456 2
-609 -701 466 1
171 -106 -253 2
-403 -223 -525 0
-645 -54 -556 0
-567 -264 698 1
-595 -652 743 1
-640 -500 -443 0
285 117 -325 2
-518 693 312 1
-616 -581 737 1
376 236 -252 2
-425 -176 -437 0
-687 -63 -716 0
461 245 -548 2
-588 -394 645 1
-504 -443 652 1
-262 -288 717 1
-546 -51 -520 0
274 -48 -187 2
-356 -583 910 1
-546 -706 822 1
-449 -475 -409 0
-691 -89 -410 0
-563 -350 -377 0
-626 -334 486 1
-540 -110 -724 0
-531 -594 598 1
-326 -489 -545 0
-449 -213 -402 0
-610 -674 612 1
-525 -339 -484 0
-497 -527 610 1
-535 -275 631 1
-401 -454 -737 0
350 -90 -251 2
-520 -692 547 1
-466 -424 -749 0
-292 -717 598 1
-315 -322 574 1
-529 -324 807 1
-634 -494 -458 0
-429 -509 532 1
-365 -124 -426 0
380 -77 -567 2
-407 -467 -430 0
-425 -718 867 1
-321 -517 786 1
-419 -463 649 1
-459 -333 -613 0
-692 -265 -621 0
-713 -464 -776 0
139 -133 -576 2
-239 -378 552 1
-681 -267 -723 0
-617 -533 553 1
-211 -382 489 1
-626 -331 559 1
-221 -398 573 1
173 -144 -271 2
345 180 -467 2
-427 -140 -483 0
-532 -99 -647 0
-385 -351 -721 0
-410 -396 645 1
313 214 -177 2
452 166 -606 2
-563 -386 -639 0
-648 395 503 1
-508 -439 732 1
137 218 -608 2
-626 -511 487 1
202 96 -432 2
-597 -265 -338 0
-497 -278 874 1
220 76 -607 2
-647 -575 627 1
-582 -565 836 1
363 -110 -459 2
-431 -628 613 1
-266 -692 838 1
-575 -674 704 1
-313 -259 -659 0
181 193 -619 2
151 201 -324 2
-443 -141 -607 0
-306 -312 621 1
-573 -468 -539 0
132 -26 -332 2
-505 -66 -652 0
-205 -714 504 1
338 16 -392 2
-439 145 -280 0
-389 -316 -490 0
-379 -566 556 1
-657 -60 -650 0
-735 -486 -337 0
-548 -559 803 1
-520 -359 -453 0
230 -69 -405 2
-204 -494 866 1
-317 -658 661 1
-280 -316 -512 0
-323 -420 508 1
-622 -202 -469 0
-481 -138 -683 0
-289 -581 501 1
-532 -94 -688 0
-486 -310 -524 0
-686 -405 -732 0
542 118 -327 2
-315 -394 -646 0
148 23 -523 2
-412 -393 -715 0
-711 -504 -574 0
-724 -73 -461 0
-253 -476 683 1
-216 -404 490 1
-522 -334 566 1
-326 -198 -386 0
-609 -204 -542 0
362 -145 -348 2
119 -17 -163 2
-517 -442 901 1
410 269 -558 2
503 134 -180 2
-192 -691 880 1
196 253 -579 2
-400 -589 705 1
447 65 -436 2
-309 -519 588 1
-555 -548 618 1
-364 -477 -706 0
-420 -170 -545 0
400 158 -306 2
-523 -469 -350 0
-483 -276 910 1
-336 -534 707 1
497 182 -466 2
-208 -373 806 1
-477 -114 -686 0
-715 -297 -772 0
326 -13 -624 2
-390 -633 861 1
-284 -364 -554 0
-281 -49 -632 0
236 -83 -365 2
-328 -406 -579 0
-608 -49 -345 0
-490 -399 746 1
-340 -479 853 1
-642 -330 804 1
220 212 -276 2
-377 -529 706 1
-529 -399 -410 0
-572 -330 -505 0
431 174 -242 2
-452 -402 758 1
-642 -706 636 1
-430 -450 843 1
474 141 -478 2
333 245 -176 2
-678 -247 -476 0
312 218 -166 2
560 -11 -196 2
-579 -340 827 1
577 -120 -518 2
-352 -147 -414 0
-213 -410 457 1
-321 -216 -793 0
151 -131 -598 2
-528 -391 618 1
185 -63 -420 2
-336 -336 -459 0
-573 -488 646 1
-360 -403 775 1
393 174 -542 2
-311 -667 838 1
468 -142 -263 2
342 200 -529 2
-501 -420 -349 0
530 301 -273 2
-566 -448 665 1
-297 -280 737 1
429 179 -417 2
-434 -355 651 1
545 60 -301 2
-589 -78 -431 0
560 249 -436 2
291 237 -311 2
-606 -675 575 1
-302 -635 463 1
-398 -703 835 1
-382 -296 -579 0
-453 -474 -633 0
237 -30 -386 2
483 -75 -475 2
-722 -301 -490 0
-336 -665 729 1
197 50 -282 2
550 277 -326 2
-332 -442 632 1
269 -145 -344 2
-387 -226 -713 0
-519 -337 -597 0
521 -85 -399 2
-586 -261 -421 0
-724 -415 -579 0
-262 -585 733 1
562 280 -181 2
-433 -731 659 1
-670 -48 -567 0
-236 -547 721 1
-377 -502 683 1
-623 -48 -556 0
-551 -335 775 1
-599 -624 736 1
296 158 -270 2
501 -159 -376 2
456 -16 -245 2
-305 -490 -623 0
266 152 -256 2
445 81 -440 2
-547 -721 827 1
268 151 -585 2
-461 -412 -727 0
565 235 -209 2
534 109 -175 2
-635 -476 624 1
-452 455 13 0
-387 -527 841 1
374 631 444 2
568 86 -475 2
472 204 -183 2
-652 -52 -479 0
290 65 -477 2
-706 -170 -702 0
-503 -405 803 1
-603 -275 -780 0
-552 -194 -451 0
-426 -79 -735 0
-580 -584 529 1
-211 -615 835 1
-560 -71 -661 0
-244 -398 732 1
-679 -452 -485 0
-308 -624 847 1
-326 -460 -399 0
-586 -645 848 1
-481 -348 -413 0
249 133 -529 2
-641 -345 752 1
486 100 -363 2
-561 -551 544 1
-347 -316 639 1
-158 69 -110 2
-377 -198 -659 0
-508 -418 -408 0
126 111 -323 2
-629 -272 -704 0
-353 -455 551 1
-668 -55 -528 0
118 0 -430 2
317 306 -401 2
-460 -472 -368 0
-564 -211 -290 0
-333 -388 -789 0
-710 -329 -600 0
344 152 -405 2
-234 -494 807 1
-481 -537 490 1
-489 -567 649 1
-647 -497 719 1
-646 -148 -581 0
-380 -567 838 1
-506 -702 486 1
185 158 -340 2
457 201 -285 2
280 209 -520 2
452 -78 -315 2
-644 -655 536 1
-430 -179 -610 0
-199 -476 837 1
570 148 -532 2
-251 -430 620 1
-345 -176 -538 0
-632 -650 765 1
-643 -725 497 1
572 -143 -509 2
527 -60 -352 2
522 -59 -564 2
-634 -517 495 1
-294 -647 761 1
-327 -458 -614 0
-478 -70 -494 0
309 -50 -171 2
-307 -74 -366 0
-309 -280 -547 0
-318 -78 -383 0
-662 -435 -687 0
182 138 -364 2
229 163 -483 2
-421 -420 733 1
140 53 -580 2
407 115 -310 2
-280 -380 -418 0
-232 -530 619 1
547 169 -360 2
-640 -486 816 1
446 175 -377 2
133 289 -398 2
404 75 -323 2
210 133 -452 2
-216 -493 518 1
-676 -285 -611 0
-487 -444 768 1
154 237 -195 2
428 200 -406 2
359 9 -272 2
-347 -424 813 1
398 -64 -307 2
-565 -190 -375 0
-720 -200 -714 0
555 125 -620 2
-555 -330 -473 0
-446 -175 -493 0
-25 -5 52 2
-340 -463 768 1
-279 -388 -643 0
216 235 -217 2
415 10 538 2
428 110 -522 2
191 211 -619 2
568 -73 -580 2
-576 -271 -486 0
195 239 -364 2
289 -32 -283 2
430 203 -589 2
547 64 -604 2
-243 -550 703 1
-206 -539 828 1
-374 -318 659 1
-579 -136 -491 0
268 234 -555 2
-536 -88 -537 0
-511 -328 -413 0
-737 -123 -456 0
-642 -627 755 1
-604 -230 -436 0
262 171 -241 2
-598 -418 645 1
402 -98 -375 2
487 256 -488 2
-206 -536 691 1
122 116 -170 2
-614 -235 -783 0
-326 -621 710 1
571 -43 -431 2
489 49 -497 2
433 204 -618 2
426 283 -293 2
-647 -461 840 1
242 -110 -358 2
288 51 -290 2
-491 -533 795 1
-623 -319 697 1
370 -118 -357 2
-395 -321 505 1
573 49 -303 2
-322 -492 805 1
-288 -299 -586 0
-270 -403 446 1
-440 -335 823 1
-438 -221 -652 0
-482 -65 -582 0
-323 -703 724 1
-737 -192 -555 0
307 239 -209 2
-342 -357 473 1
-714 -163 -496 0
-448 -626 618 1
-593 -297 -688 0
576 162 -498 2
-124 43 -492 2
534 200 -571 2
-728 -161 -537 0
-570 -387 -609 0
412 64 -600 2
-299 -497 467 1
-415 -469 -627 0
-298 -703 453 1
571 -46 -180 2
460 2 -179 2
320 -75 -524 2
-370 -168 -479 0
-512 -440 -542 0
397 -80 -269 2
-548 -714 726 1
-429 -327 -560 0
500 -62 -617 2
-595 -68 -789 0
-738 -495 -798 0
-654 -437 -676 0
-510 -405 -428 0
-576 -205 -693 0
558 -80 -276 2
445 238 -576 2
-505 -213 -540 0
-516 -165 -579 0
-428 -284 462 1
626 247 667 2
119 53 -612 2
444 194 -571 2
398 -126 -591 2
496 155 -261 2
-490 -498 465 1
-494 -294 -791 0
476 -105 -534 2
230 -152 -617 2
-299 -568 585 1
-383 -657 454 1
-657 -220 -621 0
-308 -434 471 1
-710 -314 -378 0
-630 -397 -366 0
-314 -268 -674 0
-683 -451 -387 0
-430 -589 748 1
-712 -469 -360 0
-257 -596 728 1
-702 -379 -734 0
-424 -311 -792 0
-638 -65 -657 0
-732 -176 -526 0
259 237 -402 2
-391 -63 -564 0
-499 -330 602 1
-368 -226 -480 0
-397 -80 -472 0
-540 -470 -429 0
-500 -689 463 1
444 241 -201 2
-386 -241 -723 0
-274 -636 738 1
-291 -538 654 1
441 168 -479 2
-475 -202 -460 0
-407 -491 459 1
-446 -673 456 1
407 -118 -199 2
117 25 -183 2
413 201 -308 2
-345 -468 625 1
127 -143 -590 2
-699 -497 -592 0
400 105 -246 2
-270 -623 669 1
-280 -484 583 1
-291 -349 -678 0
-400 -535 737 1
155 287 -505 2
-207 -357 536 1
-474 -585 -575 0
449 75 -619 2
-294 -132 -655 0
-498 -707 567 1
542 183 -262 2
-196 -468 -356 0
-610 -338 -553 0
-611 -371 -422 0
-291 -409 719 1
-501 -456 -337 0
-627 -720 758 1
-701 -85 -640 0
-431 -280 -601 0
-497 -422 712 1
-630 -636 687 1
411 -21 -565 2
-638 -320 -488 0
-417 -592 547 1
261 170 -338 2
-382 -729 606 1
550 -18 -394 2
-469 -456 -499 0
118 51 -477 2
-487 -634 892 1
-442 -146 -370 0
373 220 -356 2
-581 -394 529 1
390 29 -375 2
410 285 -562 2
-461 -621 907 1
-288 -557 787 1
-278 -526 908 1
-225 -408 832 1
-596 -572 470 1
-727 -415 -666 0
-340 -496 -455 0
127 107 -584 2
-495 -497 -690 0
477 165 -581 2
-562 -343 751 1
-438 -392 -653 0
-454 -428 -393 0
238 122 -419 2
-309 -248 -593 0
357 156 -430 2
-332 -397 849 1
-396 -495 -745 0
-636 -54 -520 0
-299 -444 -355 0
477 77 -181 2
-219 -609 716 1
-540 -499 539 1
139 -78 -604 2
255 578 181 2
-700 -413 -769 0
540 -40 -201 2
-442 -377 -797 0
405 87 -562 2
-356 -636 797 1
-518 -387 771 1
-428 -416 -410 0
436 274 -235 2
408 267 -626 2
-711 -97 -643 0
-316 -583 831 1
-262 -324 533 1
329 20 -197 2
362 262 -215 2
309 220 -294 2
427 -30 -249 2
-283 -613 680 1
545 286 -285 2
-304 -347 -684 0
-213 -593 836 1
530 244 -464 2
-369 -477 452 1
147 128 -611 2
-699 -664 305 1
263 -48 -534 2
-337 -235 -411 0
-436 -109 -699 0
233 168 -279 2
-674 -326 -413 0
419 76 -559 2
247 26 -284 2
383 281 -297 2
-313 -626 837 1
466 261 -607 2
455 28 -503 2
-602 -368 -511 0
-472 -416 694 1
-648 -224 -687 0
-574 -354 664 1
447 42 -345 2
-284 -490 555 1
523 -91 -225 2
-627 -308 830 1
474 219 -243 2
-613 -652 650 1
-404 -447 806 1
-732 -268 -460 0
-193 -311 757 1
-393 -316 635 1
-218 -631 558 1
-709 -103 -793 0
257 234 -382 2
-453 -512 791 1
347 162 -502 2
-330 -450 857 1
509 -5 -606 2
343 -80 -569 2
-290 -195 -791 0
340 252 -623 2
-645 -448 597 1
-477 -504 644 1
-425 -443 -421 0
-429 -335 447 1
-285 -78 -795 0
-290 -448 -603 0
-510 -166 -640 0
-371 -467 -526 0
-570 -670 565 1
-551 -268 -383 0
-456 -325 -700 0
-500 -187 -713 0
-486 -379 -596 0
560 -90 -167 2
-293 -574 861 1
-318 -252 -581 0
-439 -739 731 1
284 239 -420 2
573 93 -583 2
337 -660 -485 2
-449 -322 -649 0
-618 -322 806 1
275 -6 -545 2
-520 -320 -375 0
-544 -366 -576 0
-680 -63 -630 0
361 -159 -418 2
-502 -490 -631 0
-570 -457 726 1
-712 -79 -664 0
-331 -461 -503 0
-283 -724 866 1
-643 -411 854 1
-518 -69 -393 0
-686 -127 -694 0
-504 -158 -654 0
-536 -441 -674 0
185 219 -341 2
-319 -497 -547 0
342 84 -230 2
157 108 -257 2
-658 -503 -761 0
597 -579 670 1
-523 -646 742 1
-387 -421 539 1
-317 -242 -529 0
129 -68 -471 2
-533 -334 678 1
346 239 -574 2
440 -32 -551 2
470 189 -306 2
-399 -238 -440 0
-674 -325 -355 0
-397 -367 -669 0
-732 -162 -607 0
220 146 -224 2
-609 -496 -452 0
-499 -408 732 1
278 112 -588 2
-548 -570 476 1
187 -95 -212 2
149 251 -230 2
-528 -172 -590 0
-514 -187 -372 0
-466 -637 508 1
-413 -235 -500 0
-191 -377 873 1
-403 -63 -389 0
-493 -123 -697 0
-562 -471 -485 0
-262 -546 696 1
248 -13 -567 2
-616 -425 677 1
-32 -48 252 1
252 123 -270 2
562 205 -187 2
235 -70 -470 2
-479 -482 710 1
-402 -288 -406 0
-418 -672 905 1
-729 -157 -677 0
-490 -270 -449 0
-560 -51 -783 0
650 -184 -17 2
-589 -575 816 1
304 -5 -568 2
332 -33 -340 2
-325 -400 -721 0
285 39 -498 2
518 -14 -446 2
228 101 -249 2
400 -13 -219 2
251 91 -180 2
344 -12 -501 2
-360 -722 876 1
-353 -480 677 1
-681 -80 -675 0
-589 -694 759 1
-622 -500 714 1
-740 -206 -620 0
210 -79 -269 2
-556 -435 502 1
-338 -354 -362 0
-310 -501 862 1
165 -206 618 1
-357 -455 625 1
206 281 -175 2
-201 -291 674 1
-363 -289 -476 0
343 234 -606 2
-441 -701 564 1
-282 -264 -563 0
-561 -474 903 1
-363 -468 521 1
-206 -528 497 1
-584 -689 901 1
-369 -605 686 1
-326 -289 -473 0
-647 -372 544 1
-655 -305 -497 0
-671 -406 -359 0
-653 -381 646 1
-637 -591 479 1
-302 -195 -605 0
-544 -314 613 1
-357 -49 -566 0
484 -4 -376 2
-277 -346 715 1
169 129 -443 2
-596 -585 736 1
151 68 -413 2
-474 -686 613 1
-390 -292 -713 0
-468 -291 504 1
-474 -304 -552 0
-217 -303 901 1
193 -124 -264 2
545 -59 -393 2
-679 -408 -365 0
442 -91 -459 2
-248 -710 682 1
-420 -725 519 1
-381 -416 -409 0
-237 -487 534 1
-391 -654 681 1
-678 -447 -607 0
-430 -169 -793 0
543 -29 -580 2
-338 -619 856 1
-582 -191 -609 0
-288 -325 747 1
-339 -396 565 1
476 134 -606 2
-642 -352 -363 0
264 128 -409 2
340 -25 -181 2
-662 -504 -708 0
-563 -411 606 1
-543 -230 -537 0
194 19 -498 2
-332 -151 -452 0
359 105 -315 2
317 -35 -499 2
-277 -663 878 1
116 -103 -173 2
-563 -586 756 1
279 -88 -165 2
248 304 -597 2
523 291 -535 2
-690 -428 -761 0
510 272 -200 2
-518 -56 -724 0
-573 -127 -770 0
262 70 -320 2
563 282 -513 2
377 -51 -603 2
-566 -316 -707 0
454 -8 -347 2
-611 -345 -634 0
-318 -192 -728 0
-529 -343 -711 0
-653 -359 763 1
374 -103 -195 2
-602 -668 724 1
152 -32 -214 2
569 -44 -548 2
-598 -624 512 1
301 -148 -588 2
-309 -226 -672 0
-449 -314 -699 0
202 -81 -619 2
-499 -341 649 1
-378 -600 635 1
-493 -358 545 1
448 -69 -597 2
-587 -414 492 1
-538 -140 -738 0
407 -28 -194 2
-484 -549 898 1
592 19 -372 2
-593 -325 754 1
-364 -534 576 1
-480 -478 -714 0
-489 -612 586 1
-672 -193 -402 0
-302 -369 -581 0
-135 204 -489 2
483 57 -603 2
412 -104 -254 2
-524 -649 755 1
-433 -375 890 1
-381 -287 -707 0
-351 -293 629 1
-579 -514 775 1
-724 -210 -462 0
-617 -356 -558 0
-297 -301 -339 0
-213 -686 785 1
570 288 -362 2
-340 -642 654 1
-238 -450 577 1
467 124 -260 2
-666 -326 -642 0
460 179 -470 2
-547 -474 -649 0
555 48 -619 2
447 -96 -344 2
-308 -696 461 1
-200 -739 855 1
364 123 -395 2
383 8 -310 2
358 95 -302 2
-486 -224 -525 0
-460 -209 -333 0
-558 -286 728 1
-588 -450 -384 0
-326 -268 -617 0
-357 -571 824 1
-326 -628 769 1
-583 -288 -704 0
-688 -171 -631 0
-491 -354 -586 0
439 109 -448 2
-390 -382 -728 0
415 269 -617 2
-557 -441 857 1
-643 -111 -523 0
-290 204 -211 0
-449 -418 900 1
220 -51 -415 2
-321 -110 -701 0
-381 -572 651 1
-676 -300 -559 0
383 123 -388 2
-560 -488 634 1
-474 -657 718 1
410 147 -496 2
147 -68 -507 2
309 -117 -493 2
-525 -239 -358 0
-581 -304 -554 0
-422 -311 484 1
268 -41 -347 2
-476 -643 753 1
208 242 -503 2
389 233 -473 2
-528 -572 456 1
-500 -85 -576 0
-273 -476 777 1
495 274 -531 2
-361 -343 497 1
158 -121 -416 2
154 680 366 2
-530 -248 -479 0
128 -10 -418 2
-730 -502 -626 0
-728 -225 -662 0
442 -20 -166 2
236 10 -437 2
204 259 -502 2
236 136 -569 2
-599 -636 660 1
-383 -323 600 1
-370 -440 -730 0
414 -88 -334 2
263 45 -263 2
-477 -509 865 1
410 291 -372 2
-434 -362 502 1
-544 -384 574 1
211 275 -428 2
-298 -179 -596 0
571 185 -368 2
378 206 -206 2
551 10 -610 2
-376 -74 -776 0
112 -11 -490 2
-459 -705 780 1
-575 -447 -522 0
-702 -261 -675 0
-327 -509 830 1
-539 -114 -371 0
165 -30 -431 2
328 289 -193 2
-695 -397 -554 0
-557 -433 855 1
-451 -345 543 1
-407 -394 501 1
341 -122 -326 2
-523 -447 -725 0
-201 -575 457 1
-506 -456 789 1
-370 -361 -384 0
358 -57 -360 2
-398 -133 -679 0
-463 -282 535 1
466 115 -532 2
-650 -398 -420 0
-378 -393 -575 0
-616 -463 -462 0
350 -63 -579 2
-577 -86 -370 0
-240 -560 857 1
-630 -366 -541 0
-222 -471 576 1
451 -60 -255 2
-67 -640 -190 0
-347 -440 -756 0
449 212 -435 2
-469 -365 -358 0
-641 -349 -360 0
-397 -674 587 1
236 65 -527 2
-366 -53 -390 0
-508 -358 556 1
-385 -455 -728 0
-604 -156 -428 0
-551 -279 640 1
147 303 -580 2
-423 -477 -558 0
-414 -489 -396 0
349 98 -475 2
-376 -381 764 1
-342 -690 593 1
-662 -445 -723 0
-547 -560 907 1
-368 -460 458 1
-359 -424 -440 0
-588 566 456 1
-277 -701 459 1
-286 -425 -723 0
-208 -494 585 1
475 92 -386 2
-319 -439 711 1
-379 -389 909 1
-376 -628 633 1
-574 -347 -773 0
-381 -51 -341 0
167 194 -618 2
-537 -581 701 1
-468 -87 -563 0
543 60 -218 2
572 -132 -258 2
470 -81 -583 2
-480 -274 540 1
-729 -412 -591 0
503 -106 -285 2
-281 -425 826 1
157 16 -351 2
282 2 -380 2
-579 -430 584 1
-655 -129 -760 0
231 184 -478 2
489 175 -405 2
516 44 -308 2
630 9 -668 2
494 273 -495 2
513 186 -379 2
-357 -87 -564 0
-191 -557 505 1
519 -319 605 1
188 302 -424 2
-195 -483 856 1
-242 -311 499 1
-363 -469 653 1
-426 -412 -447 0
-570 -673 570 1
484 -147 -306 2
-540 -695 834 1
-542 -214 -474 0
-481 -732 752 1
699 525 411 2
460 43 -230 2
-704 -197 -664 0
-591 -142 -631 0
-579 -639 659 1
-234 -443 725 1
-612 -644 787 1
-743 -108 -631 0
123 69 -495 2
-204 -342 735 1
326 -6 -434 2
153 150 -606 2
-193 -496 820 1
-573 -326 -553 0
502 7 -451 2
-423 -80 -651 0
426 -85 -548 2
-719 -97 -637 0
-240 -552 820 1
-478 -329 782 1
-381 -366 -616 0
-430 -376 662 1
-600 -234 -409 0
-450 -195 -640 0
345 194 -468 2
-714 -355 -719 0
277 183 -353 2
-349 -738 865 1
471 269 -438 2
563 76 -513 2
-541 -59 -534 0
-213 -659 815 1
-379 -527 862 1
-311 -351 864 1
-454 -262 -633 0
-352 -381 -740 0
-585 -209 -490 0
479 246 -372 2
-465 -293 -455 0
-264 -653 772 1
-604 -225 -421 0
-567 -194 -353 0
509 -114 -339 2
-471 -732 743 1
-421 -460 784 1
-515 -378 -541 0
316 149 -397 2
-646 -347 -642 0
269 7 -356 2
476 -22 -425 2
-677 -130 -507 0
-411 -509 823 1
-518 -501 566 1
-370 -607 821 1
-549 -242 -642 0
-601 -669 603 1
214 343 -624 2
300 22 -562 2
-612 -480 551 1
-724 -229 -781 0
384 18 -228 2
-445 -568 577 1
-415 -645 771 1
-609 -388 -515 0
542 -110 -489 2
-628 -690 681 1
181 67 -404 2
-464 -169 -769 0
-632 -470 564 1
-336 -713 724 1
136 18 -216 2
-635 -459 -724 0
442 -42 -216 2
465 288 -436 2
-541 -601 768 1
-665 -154 -428 0
-277 -377 858 1
-223 -543 899 1
567 -141 -607 2
-528 -673 606 1
-382 -400 -597 0
-506 -634 708 1
488 -96 -614 2
-507 -535 493 1
-601 -294 -480 0
425 -153 -397 2
-735 -57 -692 0
354 259 -168 2
-318 -365 851 1
-253 -575 476 1
-528 -208 -519 0
-555 -552 635 1
-586 -349 670 1
-484 -322 736 1
494 103 -624 2
-446 -464 -487 0
420 163 -577 2
187 152 -332 2
-394 -249 -594 0
-288 -461 -477 0
450 -7 -286 2
-304 -354 787 1
202 162 -568 2
436 -3 -290 2
-522 -489 -523 0
-560 -415 -394 0
-393 -446 -672 0
218 54 -322 2
96 -223 42 2
332 -78 -172 2
-732 -115 -664 0
-695 -472 -540 0
-720 -340 -639 0
-322 -184 -565 0
-529 -532 672 1
-360 -363 654 1
-216 37 -482 0
-286 -488 -388 0
492 172 -458 2
-232 532 124 2
-391 -734 534 1
-470 -301 -622 0
-216 -467 593 1
-653 -477 -556 0
-490 -612 571 1
327 209 -417 2
318 168 -570 2
-489 -547 694 1
-679 -374 -611 0
-232 -735 766 1
-367 -717 691 1
461 -63 -286 2
-383 -394 479 1
-315 -313 513 1
457 -147 -292 2
-428 -708 861 1
-509 -301 659 1
398 225 -348 2
-221 -321 685 1
573 -92 -170 2
-598 -421 614 1
-393 -341 -454 0
-541 -403 447 1
375 -84 -197 2
270 -76 -397 2
-460 -289 -531 0
-329 -365 508 1
-586 -344 701 1
-636 -496 195 1
364 178 -378 2
168 -14 -212 2
-709 -382 -566 0
-701 -217 -696 0
-386 -162 -736 0
186 -159 -403 2
-450 -395 -458 0
-410 -461 -713 0
-396 -580 585 1
-599 -282 -347 0
-447 -695 881 1
-471 -641 526 1
-525 -499 665 1
435 190 -373 2
328 -55 -583 2
-314 -251 -394 0
-337 -652 831 1
118 165 -308 2
501 -91 -543 2
-461 -601 754 1
377 -95 -278 2
-695 -128 -652 0
-676 -225 -498 0
141 34 -560 2
-374 -357 -520 0
279 -100 -336 2
-573 -454 -466 0
196 91 -236 2
490 -106 -232 2
-574 -359 485 1
174 0 -393 2
309 101 -398 2
-344 211 -454 0
331 297 -320 2
448 -8 -547 2
-526 -506 -353 0
470 160 -355 2
-447 -276 862 1
-217 -720 570 1
-612 -251 -604 0
398 35 -226 2
-597 -71 -472 0
204 163 -542 2
-640 -534 552 1
-483 -622 618 1
-468 -305 887 1
-433 -464 826 1
-265 -517 711 1
-502 -374 543 1
-566 -665 853 1
526 -89 -228 2
-314 -476 670 1
-651 -477 603 1
197 -33 -491 2
-380 -279 -661 0
-543 -213 -700 0
146 101 -569 2
-618 -317 -769 0
-673 -174 -579 0
337 163 -193 2
333 27 -338 2
-540 -384 -652 0
-309 -147 -681 0
-601 -371 520 1
-574 -327 -339 0
-413 -83 -463 0
-717 -68 -718 0
211 129 -440 2
-432 -448 756 1
325 243 -351 2
-588 -158 -536 0
-344 -315 553 1
219 22 -379 2
224 114 -304 2
-557 -390 -623 0
220 -106 -610 2
